 27
 11
 Generic
 Generic
 Generic

 WORLD
      YEARS  FossilCO2   OtherCO2        CH4        N2O        SOx         CO      NMVOC        NOx         BC         OC        NH3        CF4       C2F6      C6F14      HFC23      HFC32   HFC43-10     HFC125    HFC134a    HFC143a   HFC227ea   HFC245fa        SF6
        Yrs        GtC        GtC      MtCH4    MtN2O-N        MtS       MtCO         Mt        MtN         Mt         Mt        MtN         kt         kt         kt         kt         kt         kt         kt         kt         kt         kt         kt         kt
       1990     6.1440     1.3195   340.6350     7.5857    63.9485  1099.0096   222.6191    37.8354     7.7159    35.0200    40.0185    11.9977     2.0736     0.4624    10.3949     4.0000     0.0000     0.1859     1.0102     0.8892     0.0000     0.0000     5.5208
       1991     6.2350     1.3810   336.5922     7.4024    62.6301  1095.9087   221.4195    37.8681     7.7248    35.0723    40.0185    11.9979     2.3729     0.4624    10.3949     4.0000     0.0000     0.1909     2.1776     0.9026     0.0047     0.0000     5.7844
       1992     6.1180     1.3035   332.5494     7.7989    60.5403  1092.8078   220.2199    37.9008     7.7336    35.1247    40.0185    11.9981     2.3731     0.4624    10.3949     4.0000     0.0000     0.2889     4.2080     1.6287     0.0047     0.0000     5.7862
       1993     6.1240     1.2981   328.5066     7.3131    59.4410  1089.7070   219.0203    37.9335     7.7425    35.1770    40.0185    11.9984     2.3734     0.4624    10.3949     4.0000     0.0000     0.3768     8.4162     2.3686     0.1850     0.0000     6.3118
       1994     6.2420     1.2896   324.4638     7.5073    58.3433  1086.6061   217.8207    37.9662     7.7514    35.2294    40.0185    11.9986     2.3736     0.4624    10.3949     4.0000     0.0000     1.8251    21.3991     3.8348     0.1820     0.0000     5.0042
       1995     6.3720     1.2750   320.4209     7.6191    57.1863  1083.5052   216.6210    37.9989     7.7603    35.2817    40.0185    10.5017     2.3739     0.4624    10.3949     4.0000     0.0000     2.9802    29.7261     6.0410     0.1000     0.0000     6.0534
       1996     6.5100     1.2511   316.3781     7.6521    56.9296  1080.4043   215.4214    38.0316     7.7692    35.3341    40.0185    11.9991     2.3741     0.4624    10.3949     4.0000     0.0000     3.4189    40.5849     6.1500     0.4370     0.0000     6.0553
       1997     6.6190     1.2181   312.3353     7.9098    56.3769  1077.3034   214.2218    38.0642     7.7781    35.3864    40.0185    11.9993     2.3743     0.4624    10.3949     4.0000     0.0000     5.3540    50.6436     6.2587     0.4080     0.0000     4.4857
       1998     6.5880     1.2148   308.2925     7.8957    55.4169  1074.2026   213.0222    38.0969     7.7870    35.4388    40.0185    11.9996     2.3746     0.4624    10.3949     4.0000     0.0000     7.2032    59.6521     6.3677     0.9280     0.0000     4.7490
       1999     6.5690     1.1828   304.2497     7.5270    53.3959  1071.1017   211.8226    38.1296     7.7959    35.4911    40.0185    10.5027     2.3748     0.4624    10.3949     4.0000     0.0000     8.1532    67.0440     6.4775     1.3539     0.0000     6.3220
       2000     6.7350     1.1488   300.2069     7.4566    53.4968  1068.0008   210.6230    38.1623     7.8048    35.5435    40.0185    12.0001     2.3749     0.4624    10.3949     4.0000     0.0000     8.5381    75.0393     6.2340     1.9509    14.9590     5.5382
       2001     6.8959     1.1320   303.4092     7.5030    53.4959  1066.7448   211.5938    38.2888     7.8945    35.7143    40.3916    11.9250     2.4345     0.4651    10.4328     5.3987     0.6470     9.0301    84.0409     7.4947     1.6449    16.4549     5.6990
       2002     6.9490     1.2317   306.5788     7.5487    52.8122  1065.4691   212.5632    38.4153     7.9842    35.8845    40.7647    11.8481     2.4915     0.4058    10.4708     6.7974     1.2941     9.8852    94.7161     8.7389     2.5080    17.9508     5.8596
       2003     7.2860     1.2257   309.7164     7.5942    53.9771  1064.1741   213.5311    38.5418     8.0734    36.0543    41.1377    11.7693     2.5463     0.3939    10.5083     8.1961     1.9411    12.0788   101.4157     9.9776     3.3410    19.4467     6.0201
       2004     7.6719     1.2429   312.8240     7.6394    55.9022  1062.8596   214.4977    38.6684     8.1623    36.2232    41.5107    11.6885     2.5990     0.4062    10.5455     9.5948     2.5881    12.5073   113.9297    11.2136     4.2690    20.9426     6.1805
       2005     7.9710     1.1955   315.9027     7.6841    57.8278  1061.5255   215.4628    38.7948     8.2512    36.3917    41.8837    11.6059     2.6494     0.4358    10.8117    10.9934     3.2352    13.7591   120.9334    12.4483     4.8901    22.4384     6.3407
       2006     8.0985     1.1385   317.2396     7.7210    63.9860  1057.0145   214.0518    38.5859     8.2245    35.9952    41.9902    11.4110     2.5813     0.4427    10.5530    12.3832     3.8802    14.4509   121.0746    12.7893     5.1614    26.0614     6.4709
       2007     8.2260     1.0815   318.5722     7.7579    63.6746  1052.4683   212.6378    38.3772     8.1977    35.5980    42.0965    11.2139     2.5131     0.4492    10.2947    13.7729     4.5246    15.1335   129.6223    13.1314     5.4292    29.6843     6.6013
       2008     8.3531     1.0245   319.8964     7.7947    63.3632  1047.8519   211.2181    38.1687     8.1709    35.1995    42.0965    11.0121     2.4453     0.4492    10.2947    13.7729     4.5246    15.7980   133.9919    13.4753     5.6902    33.3073     6.2860
       2009     8.4803     0.9676   321.2206     7.8314    63.0517  1043.2354   209.7985    37.9601     8.1440    34.8009    42.0965    10.8104     2.3774     0.4492    10.2947    13.7729     4.5246    16.4625   138.3616    13.8192     5.9511    36.9303     5.9707
       2010     8.6074     0.9106   322.5448     7.8682    62.7405  1038.6190   208.3788    37.7516     8.1172    34.4024    42.4151    10.6086     2.3096     0.4666     9.5222    17.9421     6.4539    17.1270   142.7312    14.1631     6.2121    40.5533     5.6554
       2011     8.7338     0.8536   323.8411     7.9049    62.4290  1033.7724   206.9401    37.5439     8.0900    33.9992    42.4151    10.3919     2.2429     0.4666     9.5222    17.9421     6.4539    18.5425   147.4016    14.5134     5.6509    44.1763     5.3401
       2012     8.8602     0.7966   325.1374     7.9416    61.5000  1028.9259   205.5013    37.3361     8.0628    33.5960    42.4151    10.1752     2.1762     0.4666     9.5222    17.9421     6.4539    19.9579   152.0721    14.8638     5.0897    47.7992     5.0249
       2013     8.9866     0.7397   326.4338     7.9784    60.5710  1024.0793   204.0626    37.1284     8.0357    33.1928    42.4151     9.9585     2.1095     0.4666     9.5222    17.9421     6.4539    21.3734   156.7425    15.2141     4.5286    51.4222     4.7096
       2014     9.1130     0.6827   327.7301     8.0151    59.6418  1019.2328   202.6238    36.9206     8.0085    32.7896    42.4151     9.7418     2.0428     0.4666     9.5222    17.9421     6.4539    22.7888   161.4130    15.5644     3.9674    55.0452     4.3944
       2015     9.2394     0.6257   329.0264     8.0518    58.7128  1014.3863   201.1851    36.7129    15.9626    32.3864    42.4151     9.5251     1.9760     0.4666     9.5222    17.9421     6.4539    24.2043   166.0834    15.9147     3.4062    58.6681     4.0791
       2016     9.3659     0.5687   330.3227     8.0885    57.7838  1009.5397   199.7464    36.5052     7.9541    31.9831    42.4151     9.3084     1.9093     0.4666     9.5222    17.9421     6.4539    25.6198   170.7538    16.2651     2.8450    62.2911     3.7638
       2017     9.4923     0.5117   331.6190     8.1252    57.4341  1004.6932   198.3076    36.2974     7.9269    31.5799    42.4151     9.0917     1.8426     0.4666     9.5222    17.9421     6.4539    27.0352   175.4243    16.6154     2.2838    65.9141     3.4486
       2018     9.6187     0.4548   332.9154     8.1620    57.0843   999.8466   196.8689    36.0897     7.8998    31.1767    42.4151     8.8750     1.7759     0.4666     9.5222    17.9421     6.4539    28.4507   180.0947    16.9657     1.7227    69.5371     3.1333
       2019     9.7451     0.3978   334.2117     8.1987    56.7345   995.0000   195.4301    35.8819     7.8726    30.7735    42.4151     8.6583     1.7092     0.4666     9.5222    17.9421     6.4539    29.8661   184.7652    17.3161     1.1615    73.1600     2.8181
       2020     9.8715     0.3408   335.5080     8.2354    56.3847   990.1535   193.9914    35.6742     7.8454    30.3703    43.4712     8.4416     1.6425     0.1844     1.1524    60.6420     7.2255    31.2816   189.4356    17.6664     0.6003    76.7830     2.5028
       2021     9.9797     0.3283   335.8570     8.2690    56.0349   990.1135   194.8728    35.5830     7.7949    30.2411    43.4712     8.4420     1.6593     0.1844     1.1524    60.6420     7.2255    31.3297   191.3196    17.9457     0.5661    77.0963     2.5436
       2022    10.0879     0.3159   336.2060     8.3027    55.6092   990.0736   195.7543    35.4919     7.7443    30.1119    43.4712     8.4424     1.6760     0.1844     1.1524    60.6420     7.2255    31.3777   193.2036    18.2250     0.5319    77.4095     2.5844
       2023    10.1960     0.3034   336.5550     8.3363    55.1836   990.0336   196.6358    35.4007     7.6938    29.9827    43.4712     8.4428     1.6928     0.1844     1.1524    60.6420     7.2255    31.4258   195.0876    18.5043     0.4978    77.7228     2.6252
       2024    10.3042     0.2910   336.9040     8.3700    54.7579   989.9936   197.5172    35.3096     7.6433    29.8535    43.4712     8.4432     1.7095     0.1844     1.1524    60.6420     7.2255    31.4739   196.9716    18.7836     0.4636    78.0361     2.6660
       2025    10.4124     0.2786   337.2530     8.4036    54.3323   989.9537   198.3987    35.2184     7.5927    29.7243    43.4712     8.4436     1.7263     0.1844     1.1524    60.6420     7.2255    31.5220   198.8556    19.0629     0.4294    78.3494     2.7069
       2026    10.5206     0.2661   337.6021     8.4372    53.9066   989.9137   199.2801    35.1272     7.5422    29.5951    43.4712     8.4440     1.7431     0.1844     1.1524    60.6420     7.2255    31.5700   200.7397    19.3421     0.3952    78.6627     2.7477
       2027    10.6288     0.2536   337.9511     8.4709    53.5457   989.8737   200.1616    35.0361     7.4917    29.4659    43.4712     8.4444     1.7598     0.1844     1.1524    60.6420     7.2255    31.6181   202.6237    19.6214     0.3610    78.9759     2.7885
       2028    10.7369     0.2412   338.3001     8.5045    53.1850   989.8337   201.0430    34.9449     7.4412    29.3367    43.4712     8.4448     1.7766     0.1844     1.1524    60.6420     7.2255    31.6662   204.5077    19.9007     0.3269    79.2892     2.8293
       2029    10.8451     0.2288   338.6491     8.5382    52.8242   989.7938   201.9245    34.8538     7.3906    29.2075    43.4712     8.4452     1.7933     0.1844     1.1524    60.6420     7.2255    31.7142   206.3917    20.1800     0.2927    79.6025     2.8701
       2030    10.9533     0.2163   338.9981     8.5718    52.4633   989.7538   202.8059    34.7626     7.3401    29.0783    45.3856     8.4456     1.8101     0.1118     0.6914    72.0353     8.1254    31.7623   208.2757    20.4593     0.2585    79.9158     2.9109
       2031    10.9918     0.2145   338.8557     8.5835    52.1026   985.8031   202.6908    34.5430     7.2846    28.9595    45.3856     8.4674     1.8237     0.1118     0.6914    72.0353     8.1254    31.7241   210.3910    20.7426     0.2584    80.0119     2.9535
       2032    11.0302     0.2128   338.7134     8.5952    51.7791   981.8524   202.5756    34.3233     7.2291    28.8408    45.3856     8.4891     1.8373     0.1118     0.6914    72.0353     8.1254    31.6859   212.5064    21.0258     0.2583    80.1079     2.9961
       2033    11.0687     0.2110   338.5710     8.6069    51.4559   977.9017   202.4605    34.1037     7.1736    28.7220    45.3856     8.5109     1.8509     0.1118     0.6914    72.0353     8.1254    31.6477   214.6217    21.3091     0.2581    80.2040     3.0388
       2034    11.1072     0.2093   338.4286     8.6186    51.1326   973.9510   202.3453    33.8841     7.1181    28.6033    45.3856     8.5327     1.8645     0.1118     0.6914    72.0353     8.1254    31.6095   216.7370    21.5923     0.2580    80.3001     3.0814
       2035    11.1456     0.2075   338.2862     8.6303    50.8091   970.0003   202.2302    33.6645     7.0626    28.4845    45.3856     8.5544     1.8781     0.1118     0.6914    72.0353     8.1254    31.5712   218.8524    21.8756     0.2579    80.3962     3.1240
       2036    11.1841     0.2057   338.1439     8.6419    50.4859   966.0495   202.1151    33.4448     7.0071    28.3657    45.3856     8.5762     1.8917     0.1118     0.6914    72.0353     8.1254    31.5330   220.9677    22.1589     0.2578    80.4923     3.1666
       2037    11.2226     0.2040   338.0015     8.6536    50.1743   962.0988   201.9999    33.2252     6.9516    28.2470    45.3856     8.5980     1.9053     0.1118     0.6914    72.0353     8.1254    31.4948   223.0830    22.4421     0.2577    80.5884     3.2092
       2038    11.2611     0.2022   337.8591     8.6653    49.8628   958.1481   201.8848    33.0056     6.8961    28.1282    45.3856     8.6198     1.9189     0.1118     0.6914    72.0353     8.1254    31.4566   225.1983    22.7254     0.2575    80.6845     3.2519
       2039    11.2995     0.2005   337.7168     8.6770    49.5512   954.1974   201.7696    32.7859     6.8406    28.0095    45.3856     8.6415     1.9325     0.1118     0.6914    72.0353     8.1254    31.4184   227.3137    23.0086     0.2574    80.7805     3.2945
       2040    11.3380     0.1987   337.5744     8.6887    49.2397   950.2467   201.6545    32.5663     6.7851    27.8907    46.4011     8.6633     1.9461     0.1128     0.4134    80.7117     9.3647    31.3802   229.4290    23.2919     0.2573    80.8766     3.3371
       2041    11.3073     0.2037   336.9507     8.6787    48.9282   942.4993   200.5534    32.2180     6.7245    27.7823    46.4011     8.7105     1.9566     0.1128     0.4134    80.7117     9.3647    31.3132   231.7832    23.5745     0.2405    80.7555     3.3815
       2042    11.2767     0.2087   336.3269     8.6686    48.6334   934.7519   199.4522    31.8696     6.6640    27.6740    46.4011     8.7578     1.9671     0.1128     0.4134    80.7117     9.3647    31.2461   234.1374    23.8572     0.2237    80.6344     3.4260
       2043    11.2460     0.2137   335.7032     8.6586    48.3385   927.0045   198.3511    31.5213     6.6034    27.5656    46.4011     8.8050     1.9776     0.1128     0.4134    80.7117     9.3647    31.1791   236.4915    24.1398     0.2068    80.5132     3.4704
       2044    11.2153     0.2187   335.0794     8.6485    48.0437   919.2571   197.2500    31.1730     6.5429    27.4572    46.4011     8.8523     1.9881     0.1128     0.4134    80.7117     9.3647    31.1121   238.8457    24.4224     0.1900    80.3921     3.5149
       2045    11.1846     0.2236   334.4557     8.6385    47.7487   911.5098   196.1489    30.8246     6.4823    27.3488    46.4011     8.8995     1.9986     0.1128     0.4134    80.7117     9.3647    31.0450   241.1999    24.7050     0.1732    80.2710     3.5593
       2046    11.1540     0.2286   333.8320     8.6285    47.4539   903.7624   195.0477    30.4763     6.4217    27.2405    46.4011     8.9467     2.0092     0.1128     0.4134    80.7117     9.3647    30.9780   243.5541    24.9877     0.1564    80.1499     3.6037
       2047    11.1233     0.2336   333.2082     8.6184    47.2926   896.0150   193.9466    30.1280     6.3612    27.1321    46.4011     8.9940     2.0197     0.1128     0.4134    80.7117     9.3647    30.9110   245.9083    25.2703     0.1396    80.0287     3.6482
       2048    11.0926     0.2386   332.5845     8.6084    47.1313   888.2676   192.8455    29.7797     6.3006    27.0237    46.4011     9.0412     2.0302     0.1128     0.4134    80.7117     9.3647    30.8440   248.2624    25.5529     0.1227    79.9076     3.6926
       2049    11.0620     0.2436   331.9607     8.5983    46.9700   880.5202   191.7443    29.4313     6.2401    26.9154    46.4011     9.0885     2.0407     0.1128     0.4134    80.7117     9.3647    30.7769   250.6166    25.8356     0.1059    79.7865     3.7371
       2050    11.0313     0.2486   331.3370     8.5883    46.8088   872.7728   190.6432    29.0830     6.1795    26.8070    46.5154     9.1357     2.0512     0.1087     0.2463    74.6075    11.0952    30.7099   252.9708    26.1182     0.0891    79.6653     3.7815
       2051    10.8683     0.2422   329.9643     8.5801    46.6476   863.3512   189.5678    28.7300     6.1147    26.6151    46.5154     9.1126     2.0496     0.1087     0.2463    74.6075    11.0952    30.2611   252.0180    26.0603     0.0833    78.8985     3.8327
       2052    10.7053     0.2357   328.5915     8.5719    46.5716   853.9296   188.4923    28.3770     6.0499    26.4233    46.5154     9.0894     2.0479     0.1087     0.2463    74.6075    11.0952    29.8122   251.0652    26.0024     0.0774    78.1317     3.8838
       2053    10.5423     0.2292   327.2188     8.5637    46.4957   844.5080   187.4169    28.0240     5.9851    26.2315    46.5154     9.0663     2.0463     0.1087     0.2463    74.6075    11.0952    29.3634   250.1125    25.9445     0.0716    77.3648     3.9350
       2054    10.3793     0.2228   325.8461     8.5555    46.4198   835.0864   186.3414    27.6710     5.9203    26.0396    46.5154     9.0431     2.0447     0.1087     0.2463    74.6075    11.0952    28.9146   249.1597    25.8866     0.0658    76.5980     3.9861
       2055    10.2163     0.2164   324.4733     8.5473    46.3439   825.6648   185.2660    27.3179     5.8554    25.8478    46.5154     9.0199     2.0431     0.1087     0.2463    74.6075    11.0952    28.4657   248.2069    25.8287     0.0600    75.8311     4.0373
       2056    10.0532     0.2099   323.1006     8.5392    46.2680   816.2432   184.1906    26.9649     5.7906    25.6559    46.5154     8.9968     2.0414     0.1087     0.2463    74.6075    11.0952    28.0169   247.2541    25.7709     0.0541    75.0643     4.0885
       2057     9.8902     0.2034   321.7279     8.5310    46.1617   806.8216   183.1151    26.6119     5.7258    25.4641    46.5154     8.9736     2.0398     0.1087     0.2463    74.6075    11.0952    27.5681   246.3013    25.7130     0.0483    74.2974     4.1396
       2058     9.7272     0.1970   320.3552     8.5228    46.0556   797.4000   182.0397    26.2589     5.6610    25.2722    46.5154     8.9505     2.0382     0.1087     0.2463    74.6075    11.0952    27.1193   245.3486    25.6551     0.0425    73.5306     4.1908
       2059     9.5642     0.1906   318.9824     8.5146    45.9493   787.9784   180.9642    25.9059     5.5962    25.0803    46.5154     8.9274     2.0365     0.1087     0.2463    74.6075    11.0952    26.6704   244.3958    25.5972     0.0366    72.7637     4.2419
       2060     9.4012     0.1841   317.6097     8.5064    45.8431   778.5568   179.8888    25.5529     5.5314    24.8885    45.9882     8.9042     2.0349     0.1074     0.1375    84.0857    11.1130    26.2216   243.4430    25.5393     0.0308    71.9969     4.2931
       2061     9.1729     0.1761   315.9252     8.4917    45.7368   768.0653   178.5451    25.2186     5.4634    24.6749    45.9882     8.9142     2.0301     0.1074     0.1375    84.0857    11.1130    25.9984   244.9040    25.7899     0.0299    71.5465     4.3533
       2062     8.9446     0.1680   314.2407     8.4770    45.6442   757.5738   177.2014    24.8843     5.3953    24.4613    45.9882     8.9241     2.0253     0.1074     0.1375    84.0857    11.1130    25.7752   246.3649    26.0405     0.0290    71.0960     4.4135
       2063     8.7163     0.1600   312.5563     8.4622    45.5517   747.0822   175.8576    24.5500     5.3273    24.2478    45.9882     8.9341     2.0205     0.1074     0.1375    84.0857    11.1130    25.5519   247.8259    26.2912     0.0281    70.6456     4.4736
       2064     8.4880     0.1520   310.8718     8.4475    45.4590   736.5907   174.5139    24.2157     5.2593    24.0342    45.9882     8.9440     2.0157     0.1074     0.1375    84.0857    11.1130    25.3287   249.2868    26.5418     0.0272    70.1951     4.5338
       2065     8.2597     0.1440   309.1873     8.4328    45.3665   726.0992   173.1702    23.8814     5.1913    23.8206    45.9882     8.9540     2.0109     0.1074     0.1375    84.0857    11.1130    25.1055   250.7477    26.7924     0.0262    69.7447     4.5940
       2066     8.0314     0.1359   307.5028     8.4181    45.2739   715.6077   171.8265    23.5471     5.1232    23.6070    45.9882     8.9640     2.0061     0.1074     0.1375    84.0857    11.1130    24.8823   252.2087    27.0430     0.0253    69.2943     4.6542
       2067     7.8031     0.1279   305.8183     8.4034    44.9854   705.1162   170.4828    23.2128     5.0552    23.3934    45.9882     8.9739     2.0013     0.1074     0.1375    84.0857    11.1130    24.6591   253.6696    27.2936     0.0244    68.8438     4.7144
       2068     7.5748     0.1199   304.1339     8.3886    44.6970   694.6246   169.1390    22.8785     4.9872    23.1799    45.9882     8.9839     1.9965     0.1074     0.1375    84.0857    11.1130    24.4358   255.1306    27.5443     0.0235    68.3934     4.7745
       2069     7.3465     0.1118   302.4494     8.3739    44.4086   684.1331   167.7953    22.5442     4.9191    22.9663    45.9882     8.9938     1.9917     0.1074     0.1375    84.0857    11.1130    24.2126   256.5915    27.7949     0.0226    67.9430     4.8347
       2070     7.1182     0.1038   300.7649     8.3592    44.1202   673.6416   166.4516    22.2099     4.8511    22.7527    45.2014     9.0038     1.9869     0.1066     0.0730    93.8802    11.0471    23.9894   258.0525    28.0455     0.0217    67.4925     4.8949
       2071     6.8246     0.0942   298.7688     8.3380    43.8317   662.0793   164.8396    21.8943     4.7798    22.5174    45.2014     9.0499     1.9790     0.1066     0.0730    93.8802    11.0471    23.9441   262.3089    28.6199     0.0213    67.3585     4.9641
       2072     6.5310     0.0846   296.7726     8.3167    43.7758   650.5170   163.2276    21.5787     4.7086    22.2821    45.2014     9.0961     1.9711     0.1066     0.0730    93.8802    11.0471    23.8987   266.5653    29.1944     0.0209    67.2246     5.0333
       2073     6.2374     0.0750   294.7765     8.2955    43.7199   638.9547   161.6155    21.2632     4.6373    22.0468    45.2014     9.1422     1.9632     0.1066     0.0730    93.8802    11.0471    23.8534   270.8216    29.7688     0.0205    67.0906     5.1025
       2074     5.9438     0.0654   292.7803     8.2742    43.6639   627.3924   160.0035    20.9476     4.5661    21.8115    45.2014     9.1883     1.9553     0.1066     0.0730    93.8802    11.0471    23.8080   275.0780    30.3433     0.0201    66.9566     5.1717
       2075     5.6502     0.0558   290.7842     8.2530    43.6079   615.8301   158.3915    20.6320     4.4948    21.5762    45.2014     9.2345     1.9474     0.1066     0.0730    93.8802    11.0471    23.7627   279.3344    30.9177     0.0198    66.8226     5.2409
       2076     5.3565     0.0462   288.7881     8.2318    43.5520   604.2678   156.7795    20.3164     4.4235    21.3409    45.2014     9.2806     1.9396     0.1066     0.0730    93.8802    11.0471    23.7174   283.5908    31.4921     0.0194    66.6886     5.3102
       2077     5.0629     0.0366   286.7919     8.2105    43.4523   592.7055   155.1675    20.0008     4.3523    21.1056    45.2014     9.3267     1.9317     0.1066     0.0730    93.8802    11.0471    23.6720   287.8472    32.0666     0.0190    66.5547     5.3794
       2078     4.7693     0.0270   284.7958     8.1893    43.3527   581.1432   153.5554    19.6853     4.2810    20.8703    45.2014     9.3728     1.9238     0.1066     0.0730    93.8802    11.0471    23.6267   292.1035    32.6410     0.0186    66.4207     5.4486
       2079     4.4757     0.0174   282.7996     8.1680    43.2531   569.5809   151.9434    19.3697     4.2098    20.6350    45.2014     9.4190     1.9159     0.1066     0.0730    93.8802    11.0471    23.5813   296.3599    33.2155     0.0182    66.2867     5.5178
       2080     4.1821     0.0078   280.8035     8.1468    43.1534   558.0186   150.3314    19.0541     4.1385    20.3997    44.1546     9.4651     1.9080     0.1032     0.0373    96.2713    10.9569    23.5360   300.6163    33.7899     0.0178    66.1527     5.5870
       2081     4.1831     0.0097   280.0666     8.1451    43.0539   553.9826   149.8165    19.0042     4.1247    20.3498    44.1546     9.5768     1.9145     0.1032     0.0373    96.2713    10.9569    23.5344   305.8551    34.4037     0.0176    66.3036     5.6294
       2082     4.1842     0.0117   279.3297     8.1433    42.9971   549.9466   149.3016    18.9543     4.1108    20.2998    44.1546     9.6884     1.9211     0.1032     0.0373    96.2713    10.9569    23.5329   311.0938    35.0175     0.0174    66.4545     5.6717
       2083     4.1852     0.0136   278.5928     8.1416    42.9405   545.9106   148.7868    18.9044     4.0970    20.2498    44.1546     9.8001     1.9276     0.1032     0.0373    96.2713    10.9569    23.5313   316.3326    35.6313     0.0172    66.6054     5.7141
       2084     4.1863     0.0155   277.8559     8.1398    42.8838   541.8746   148.2719    18.8545     4.0832    20.1999    44.1546     9.9117     1.9341     0.1032     0.0373    96.2713    10.9569    23.5298   321.5714    36.2451     0.0170    66.7562     5.7564
       2085     4.1873     0.0174   277.1189     8.1381    42.8273   537.8386   147.7570    18.8046     4.0694    20.1500    44.1546    10.0234     1.9406     0.1032     0.0373    96.2713    10.9569    23.5282   326.8102    36.8589     0.0168    66.9071     5.7988
       2086     4.1883     0.0194   276.3820     8.1364    42.7706   533.8026   147.2421    18.7547     4.0555    20.1000    44.1546    10.1350     1.9472     0.1032     0.0373    96.2713    10.9569    23.5266   332.0489    37.4727     0.0165    67.0580     5.8412
       2087     4.1894     0.0213   275.6451     8.1346    42.7162   529.7666   146.7272    18.7048     4.0417    20.0500    44.1546    10.2467     1.9537     0.1032     0.0373    96.2713    10.9569    23.5251   337.2877    38.0865     0.0163    67.2089     5.8835
       2088     4.1904     0.0232   274.9082     8.1329    42.6618   525.7306   146.2124    18.6549     4.0279    20.0001    44.1546    10.3583     1.9602     0.1032     0.0373    96.2713    10.9569    23.5235   342.5265    38.7003     0.0161    67.3597     5.9259
       2089     4.1915     0.0252   274.1713     8.1311    42.6074   521.6946   145.6975    18.6050     4.0140    19.9502    44.1546    10.4700     1.9668     0.1032     0.0373    96.2713    10.9569    23.5220   347.7652    39.3141     0.0159    67.5106     5.9682
       2090     4.1925     0.0271   273.4344     8.1294    42.5530   517.6586   145.1826    18.5551     4.0002    19.9002    43.8619    10.5816     1.9733     0.0972     0.0000    91.2036    10.7526    23.5204   353.0040    39.9279     0.0157    67.6615     6.0106
       2091     4.1936     0.0290   272.6968     8.1276    42.4985   513.6227   144.6677    18.5052     3.9864    19.8502    43.8619    10.6631     1.9822     0.0972     0.0000    91.2036    10.7526    23.4690   358.6111    40.5622     0.0156    67.8124     6.0530
       2092     4.1946     0.0309   271.9592     8.1258    42.4997   509.5868   144.1528    18.4553     3.9726    19.8003    43.8619    10.7445     1.9911     0.0972     0.0000    91.2036    10.7526    23.4176   364.2182    41.1964     0.0154    67.9633     6.0953
       2093     4.1956     0.0329   271.2217     8.1241    42.5009   505.5509   143.6380    18.4053     3.9588    19.7503    43.8619    10.8260     1.9999     0.0972     0.0000    91.2036    10.7526    23.3662   369.8253    41.8306     0.0152    68.1141     6.1377
       2094     4.1967     0.0348   270.4841     8.1223    42.5021   501.5150   143.1231    18.3554     3.9450    19.7003    43.8619    10.9075     2.0088     0.0972     0.0000    91.2036    10.7526    23.3148   375.4324    42.4649     0.0151    68.2650     6.1801
       2095     4.1978     0.0367   269.7465     8.1205    42.5032   497.4791   142.6082    18.3055     3.9312    19.6503    43.8619    10.9890     2.0177     0.0972     0.0000    91.2036    10.7526    23.2634   381.0396    43.0992     0.0150    68.4159     6.2225
       2096     4.1988     0.0386   269.0089     8.1187    42.5044   493.4432   142.0933    18.2556     3.9173    19.6004    43.8619    11.0704     2.0266     0.0972     0.0000    91.2036    10.7526    23.2120   386.6467    43.7334     0.0148    68.5668     6.2648
       2097     4.1998     0.0405   268.2713     8.1169    42.5044   489.4073   141.5784    18.2057     3.9035    19.5504    43.8619    11.1519     2.0355     0.0972     0.0000    91.2036    10.7526    23.1606   392.2538    44.3676     0.0146    68.7176     6.3072
       2098     4.2009     0.0425   267.5338     8.1152    42.5044   485.3714   141.0636    18.1557     3.8897    19.5004    43.8619    11.2334     2.0443     0.0972     0.0000    91.2036    10.7526    23.1092   397.8609    45.0019     0.0145    68.8685     6.3496
       2099     4.2020     0.0444   266.7962     8.1134    42.5044   481.3355   140.5487    18.1058     3.8759    19.4505    43.8619    11.3148     2.0532     0.0972     0.0000    91.2036    10.7526    23.0578   403.4680    45.6362     0.0144    69.0194     6.3919
       2100     4.2030     0.0463   266.0586     8.1116    42.5044   477.2996   140.0338    18.0559     3.8621    19.4005    43.5687    11.3963     2.0621     0.0886     0.0000    81.2268    10.4055    23.0064   409.0751    46.2704     0.0142    69.1703     6.4343
       2101     4.0909     0.0445   266.0588     8.0894    42.5044   477.2996   140.0338    18.0559     3.8621    19.4005    43.5687    11.1694     2.0215     0.0886     0.0000    81.2268    10.4055    23.0064   408.8936    46.0450     0.0142    69.1703     6.3091
       2102     3.9787     0.0426   266.0590     8.0672    42.5044   477.2996   140.0338    18.0559     3.8621    19.4005    43.5687    10.9425     1.9808     0.0886     0.0000    81.2268    10.4055    23.0064   408.7121    45.8196     0.0143    69.1703     6.1839
       2103     3.8666     0.0408   266.0592     8.0449    42.5044   477.2996   140.0338    18.0559     3.8621    19.4005    43.5687    10.7155     1.9402     0.0886     0.0000    81.2268    10.4055    23.0064   408.5306    45.5942     0.0143    69.1703     6.0586
       2104     3.7544     0.0389   266.0594     8.0227    42.5044   477.2996   140.0338    18.0559     3.8621    19.4005    43.5687    10.4886     1.8996     0.0886     0.0000    81.2268    10.4055    23.0064   408.3491    45.3688     0.0143    69.1703     5.9334
       2105     3.6423     0.0370   266.0596     8.0005    42.5044   477.2996   140.0338    18.0559     3.8621    19.4005    43.5687    10.2617     1.8590     0.0886     0.0000    81.2268    10.4055    23.0064   408.1676    45.1434     0.0144    69.1703     5.8082
       2106     3.5302     0.0352   266.0598     7.9783    42.5044   477.2996   140.0338    18.0559     3.8621    19.4005    43.5687    10.0348     1.8183     0.0886     0.0000    81.2268    10.4055    23.0064   407.9861    44.9180     0.0144    69.1703     5.6830
       2107     3.4180     0.0334   266.0600     7.9561    42.5044   477.2996   140.0338    18.0559     3.8621    19.4005    43.5687     9.8079     1.7777     0.0886     0.0000    81.2268    10.4055    23.0064   407.8046    44.6926     0.0144    69.1703     5.5578
       2108     3.3059     0.0315   266.0602     7.9338    42.5044   477.2996   140.0338    18.0559     3.8621    19.4005    43.5687     9.5809     1.7371     0.0886     0.0000    81.2268    10.4055    23.0064   407.6231    44.4672     0.0144    69.1703     5.4325
       2109     3.1937     0.0296   266.0604     7.9116    42.5044   477.2996   140.0338    18.0559     3.8621    19.4005    43.5687     9.3540     1.6964     0.0886     0.0000    81.2268    10.4055    23.0064   407.4416    44.2418     0.0145    69.1703     5.3073
       2110     3.0816     0.0278   266.0606     7.8894    42.5044   477.2996   140.0338    18.0559     3.8621    19.4005    43.5687     9.1271     1.6558     0.0719     0.0000    81.2268    10.4055    23.0064   407.2601    44.0164     0.0145    69.1703     5.1821
       2111     3.0019     0.0259   266.0607     7.8672    42.5044   477.2996   140.0338    18.0559     3.8621    19.4005    43.5687     8.9002     1.6151     0.0719     0.0000    81.2268    10.4055    23.0064   407.0786    43.7910     0.0145    69.1703     5.0569
       2112     2.9222     0.0241   266.0609     7.8449    42.5044   477.2996   140.0338    18.0559     3.8621    19.4005    43.5687     8.6732     1.5745     0.0719     0.0000    81.2268    10.4055    23.0064   406.8971    43.5656     0.0145    69.1703     4.9317
       2113     2.8425     0.0222   266.0611     7.8227    42.5044   477.2996   140.0338    18.0559     3.8621    19.4005    43.5687     8.4463     1.5338     0.0719     0.0000    81.2268    10.4055    23.0064   406.7156    43.3401     0.0146    69.1703     4.8064
       2114     2.7628     0.0204   266.0612     7.8004    42.5044   477.2996   140.0338    18.0559     3.8621    19.4005    43.5687     8.2194     1.4932     0.0719     0.0000    81.2268    10.4055    23.0064   406.5341    43.1147     0.0146    69.1703     4.6812
       2115     2.6831     0.0185   266.0614     7.7782    42.5044   477.2996   140.0338    18.0559     3.8621    19.4005    43.5687     7.9924     1.4525     0.0719     0.0000    81.2268    10.4055    23.0064   406.3526    42.8893     0.0146    69.1703     4.5560
       2116     2.6033     0.0166   266.0615     7.7560    42.5044   477.2996   140.0338    18.0559     3.8621    19.4005    43.5687     7.7655     1.4118     0.0719     0.0000    81.2268    10.4055    23.0064   406.1710    42.6639     0.0146    69.1703     4.4308
       2117     2.5236     0.0148   266.0616     7.7337    42.5044   477.2996   140.0338    18.0559     3.8621    19.4005    43.5687     7.5386     1.3712     0.0719     0.0000    81.2268    10.4055    23.0064   405.9895    42.4385     0.0146    69.1703     4.3056
       2118     2.4439     0.0129   266.0618     7.7115    42.5044   477.2996   140.0338    18.0559     3.8621    19.4005    43.5687     7.3117     1.3305     0.0719     0.0000    81.2268    10.4055    23.0064   405.8080    42.2130     0.0147    69.1703     4.1803
       2119     2.3642     0.0111   266.0620     7.6892    42.5044   477.2996   140.0338    18.0559     3.8621    19.4005    43.5687     7.0847     1.2899     0.0719     0.0000    81.2268    10.4055    23.0064   405.6265    41.9876     0.0147    69.1703     4.0551
       2120     2.2845     0.0092   266.0621     7.6670    42.5044   477.2996   140.0338    18.0559     3.8621    19.4005    43.5687     6.8578     1.2492     0.0552     0.0000    81.2268    10.4055    23.0064   405.4450    41.7622     0.0147    69.1703     3.9299
       2121     2.2525     0.0083   266.0622     7.6448    42.5044   477.2996   140.0338    18.0559     3.8621    19.4005    43.5687     6.6309     1.2086     0.0552     0.0000    81.2268    10.4055    23.0064   405.2635    41.5368     0.0147    69.1703     3.8047
       2122     2.2204     0.0074   266.0624     7.6225    42.5044   477.2996   140.0338    18.0559     3.8621    19.4005    43.5687     6.4040     1.1679     0.0552     0.0000    81.2268    10.4055    23.0064   405.0820    41.3114     0.0148    69.1703     3.6794
       2123     2.1883     0.0064   266.0625     7.6003    42.5044   477.2996   140.0338    18.0559     3.8621    19.4005    43.5687     6.1770     1.1273     0.0552     0.0000    81.2268    10.4055    23.0064   404.9005    41.0860     0.0148    69.1703     3.5542
       2124     2.1563     0.0055   266.0627     7.5780    42.5044   477.2996   140.0338    18.0559     3.8621    19.4005    43.5687     5.9501     1.0867     0.0552     0.0000    81.2268    10.4055    23.0064   404.7190    40.8606     0.0149    69.1703     3.4289
       2125     2.1242     0.0046   266.0628     7.5558    42.5044   477.2996   140.0338    18.0559     3.8621    19.4005    43.5687     5.7232     1.0460     0.0552     0.0000    81.2268    10.4055    23.0064   404.5375    40.6352     0.0149    69.1703     3.3037
       2126     2.0922     0.0037   266.0629     7.5336    42.5044   477.2996   140.0338    18.0559     3.8621    19.4005    43.5687     5.4963     1.0054     0.0552     0.0000    81.2268    10.4055    23.0064   404.3560    40.4097     0.0149    69.1703     3.1785
       2127     2.0602     0.0028   266.0631     7.5113    42.5044   477.2996   140.0338    18.0559     3.8621    19.4005    43.5687     5.2694     0.9648     0.0552     0.0000    81.2268    10.4055    23.0064   404.1745    40.1843     0.0150    69.1703     3.0532
       2128     2.0281     0.0018   266.0632     7.4891    42.5044   477.2996   140.0338    18.0559     3.8621    19.4005    43.5687     5.0424     0.9242     0.0552     0.0000    81.2268    10.4055    23.0064   403.9930    39.9589     0.0150    69.1703     2.9280
       2129     1.9961     0.0009   266.0634     7.4668    42.5044   477.2996   140.0338    18.0559     3.8621    19.4005    43.5687     4.8155     0.8835     0.0552     0.0000    81.2268    10.4055    23.0064   403.8115    39.7335     0.0151    69.1703     2.8027
       2130     1.9640     0.0009   266.0635     7.4446    42.5044   477.2996   140.0338    18.0559     3.8621    19.4005    43.5687     4.5886     0.8429     0.0385     0.0000    81.2268    10.4055    23.0064   403.6300    39.5081     0.0151    69.1703     2.6775
       2131     1.9385     0.0009   266.0636     7.4224    42.5044   477.2996   140.0338    18.0559     3.8621    19.4005    43.5687     4.3617     0.8023     0.0385     0.0000    81.2268    10.4055    23.0064   403.4485    39.2827     0.0151    69.1703     2.5523
       2132     1.9131     0.0009   266.0637     7.4001    42.5044   477.2996   140.0338    18.0559     3.8621    19.4005    43.5687     4.1347     0.7616     0.0385     0.0000    81.2268    10.4055    23.0064   403.2670    39.0573     0.0151    69.1703     2.4271
       2133     1.8876     0.0009   266.0639     7.3779    42.5044   477.2996   140.0338    18.0559     3.8621    19.4005    43.5687     3.9078     0.7210     0.0385     0.0000    81.2268    10.4055    23.0064   403.0855    38.8319     0.0152    69.1703     2.3019
       2134     1.8621     0.0009   266.0640     7.3557    42.5044   477.2996   140.0338    18.0559     3.8621    19.4005    43.5687     3.6808     0.6803     0.0385     0.0000    81.2268    10.4055    23.0064   402.9040    38.6065     0.0152    69.1703     2.1767
       2135     1.8366     0.0009   266.0641     7.3335    42.5044   477.2996   140.0338    18.0559     3.8621    19.4005    43.5687     3.4539     0.6397     0.0385     0.0000    81.2268    10.4055    23.0064   402.7225    38.3811     0.0152    69.1703     2.0514
       2136     1.8112     0.0009   266.0642     7.3112    42.5044   477.2996   140.0338    18.0559     3.8621    19.4005    43.5687     3.2270     0.5991     0.0385     0.0000    81.2268    10.4055    23.0064   402.5410    38.1556     0.0152    69.1703     1.9262
       2137     1.7857     0.0009   266.0643     7.2890    42.5044   477.2996   140.0338    18.0559     3.8621    19.4005    43.5687     3.0000     0.5584     0.0385     0.0000    81.2268    10.4055    23.0064   402.3595    37.9302     0.0152    69.1703     1.8010
       2138     1.7602     0.0009   266.0645     7.2668    42.5044   477.2996   140.0338    18.0559     3.8621    19.4005    43.5687     2.7731     0.5178     0.0385     0.0000    81.2268    10.4055    23.0064   402.1780    37.7048     0.0153    69.1703     1.6758
       2139     1.7348     0.0009   266.0646     7.2445    42.5044   477.2996   140.0338    18.0559     3.8621    19.4005    43.5687     2.5461     0.4771     0.0385     0.0000    81.2268    10.4055    23.0064   401.9965    37.4794     0.0153    69.1703     1.5506
       2140     1.7093     0.0009   266.0647     7.2223    42.5044   477.2996   140.0338    18.0559     3.8621    19.4005    43.5687     2.3192     0.4365     0.0218     0.0000    81.2268    10.4055    23.0064   401.8150    37.2540     0.0153    69.1703     1.4254
       2141     1.6831     0.0009   266.0648     7.2001    42.5044   477.2996   140.0338    18.0559     3.8621    19.4005    43.5687     2.0923     0.3958     0.0218     0.0000    81.2268    10.4055    23.0064   401.6335    37.0286     0.0154    69.1703     1.3002
       2142     1.6570     0.0009   266.0649     7.1779    42.5044   477.2996   140.0338    18.0559     3.8621    19.4005    43.5687     1.8654     0.3552     0.0218     0.0000    81.2268    10.4055    23.0064   401.4520    36.8032     0.0154    69.1703     1.1750
       2143     1.6308     0.0009   266.0650     7.1556    42.5044   477.2996   140.0338    18.0559     3.8621    19.4005    43.5687     1.6384     0.3146     0.0218     0.0000    81.2268    10.4055    23.0064   401.2705    36.5778     0.0154    69.1703     1.0498
       2144     1.6046     0.0009   266.0652     7.1334    42.5044   477.2996   140.0338    18.0559     3.8621    19.4005    43.5687     1.4115     0.2739     0.0218     0.0000    81.2268    10.4055    23.0064   401.0890    36.3524     0.0155    69.1703     0.9246
       2145     1.5785     0.0009   266.0653     7.1112    42.5044   477.2996   140.0338    18.0559     3.8621    19.4005    43.5687     1.1846     0.2332     0.0218     0.0000    81.2268    10.4055    23.0064   400.9075    36.1270     0.0156    69.1703     0.7993
       2146     1.5523     0.0009   266.0654     7.0889    42.5044   477.2996   140.0338    18.0559     3.8621    19.4005    43.5687     0.9576     0.1926     0.0218     0.0000    81.2268    10.4055    23.0064   400.7260    35.9016     0.0156    69.1703     0.6741
       2147     1.5262     0.0009   266.0655     7.0667    42.5044   477.2996   140.0338    18.0559     3.8621    19.4005    43.5687     0.7307     0.1520     0.0218     0.0000    81.2268    10.4055    23.0064   400.5445    35.6762     0.0156    69.1703     0.5489
       2148     1.5000     0.0009   266.0656     7.0445    42.5044   477.2996   140.0338    18.0559     3.8621    19.4005    43.5687     0.5038     0.1113     0.0084     0.0000    81.2268    10.4055    23.0064   400.3630    35.4508     0.0157    69.1703     0.4237
       2149     1.5354     0.0009   266.0834     7.0065    42.5044   477.2996   140.0338    18.0559     3.8621    19.4005    43.5687     0.0511     0.0319     0.0058     0.8286    81.2102    10.4253    23.2987   401.2135    35.2926     0.0600    69.1653     0.2246
       2150     1.5468     0.0009   266.0918     7.0074    42.5044   477.2996   140.0338    18.0559     3.8621    19.4005    43.5687     0.0511     0.0319     0.0058     0.8286    81.2116    10.4255    23.2991   401.2206    35.2933     0.0600    69.1668     0.2246
       2151     1.5531     0.0009   266.1010     7.0080    42.5044   477.2996   140.0338    18.0559     3.8621    19.4005    43.5687     0.0511     0.0319     0.0058     0.8286    81.2132    10.4257    23.2994   401.2282    35.2939     0.0600    69.1681     0.2246
       2152     1.5547     0.0009   266.1095     7.0085    42.5044   477.2996   140.0338    18.0559     3.8621    19.4005    43.5687     0.0511     0.0319     0.0058     0.8286    81.2146    10.4259    23.2998   401.2355    35.2945     0.0600    69.1693     0.2246
       2153     1.5527     0.0009   266.1200     7.0085    42.5044   477.2996   140.0338    18.0559     3.8621    19.4005    43.5687     0.0511     0.0319     0.0058     0.8286    81.2164    10.4261    23.3004   401.2444    35.2953     0.0600    69.1708     0.2246
       2154     1.5482     0.0009   266.1327     7.0085    42.5044   477.2996   140.0338    18.0559     3.8621    19.4005    43.5687     0.0511     0.0319     0.0058     0.8287    81.2186    10.4264    23.3011   401.2551    35.2963     0.0600    69.1726     0.2246
       2155     1.5419     0.0009   266.1469     7.0085    42.5044   477.2996   140.0338    18.0559     3.8621    19.4005    43.5687     0.0511     0.0319     0.0058     0.8287    81.2210    10.4267    23.3017   401.2670    35.2974     0.0600    69.1747     0.2246
       2156     1.5324     0.0009   266.1641     7.0085    42.5044   477.2996   140.0338    18.0559     3.8621    19.4005    43.5687     0.0511     0.0319     0.0058     0.8287    81.2210    10.4267    23.3026   401.2815    35.2986     0.0600    69.1772     0.2246
       2157     1.5229     0.0009   266.1814     7.0085    42.5044   477.2996   140.0338    18.0559     3.8621    19.4005    43.5687     0.0511     0.0319     0.0058     0.8287    81.2210    10.4267    23.3034   401.2959    35.2999     0.0600    69.1797     0.2246
       2158     1.5134     0.0009   266.1986     7.0085    42.5044   477.2996   140.0338    18.0559     3.8621    19.4005    43.5687     0.0511     0.0319     0.0058     0.8287    81.2210    10.4267    23.3043   401.3104    35.3011     0.0600    69.1822     0.2246
       2159     1.5039     0.0009   266.2159     7.0085    42.5044   477.2996   140.0338    18.0559     3.8621    19.4005    43.5687     0.0511     0.0319     0.0058     0.8287    81.2210    10.4267    23.3051   401.3248    35.3024     0.0600    69.1847     0.2246
       2160     1.4944     0.0009   266.2331     7.0085    42.5044   477.2996   140.0338    18.0559     3.8621    19.4005    43.5687     0.0511     0.0319     0.0058     0.8288    81.2356    10.4286    23.3060   401.3393    35.3036     0.0600    69.1872     0.2246
       2161     1.4831     0.0009   266.2529     7.0085    42.5044   477.2996   140.0338    18.0559     3.8621    19.4005    43.5687     0.0511     0.0319     0.0058     0.8288    81.2356    10.4286    23.3070   401.3560    35.3051     0.0600    69.1901     0.2246
       2162     1.4718     0.0009   266.2728     7.0085    42.5044   477.2996   140.0338    18.0559     3.8621    19.4005    43.5687     0.0511     0.0319     0.0058     0.8288    81.2356    10.4286    23.3079   401.3726    35.3065     0.0600    69.1929     0.2246
       2163     1.4605     0.0009   266.2926     7.0085    42.5044   477.2996   140.0338    18.0559     3.8621    19.4005    43.5687     0.0511     0.0319     0.0058     0.8288    81.2356    10.4286    23.3089   401.3893    35.3080     0.0600    69.1958     0.2246
       2164     1.4492     0.0009   266.3125     7.0085    42.5044   477.2996   140.0338    18.0559     3.8621    19.4005    43.5687     0.0511     0.0319     0.0058     0.8288    81.2356    10.4286    23.3099   401.4059    35.3095     0.0600    69.1987     0.2246
       2165     1.4380     0.0009   266.3324     7.0085    42.5044   477.2996   140.0338    18.0559     3.8621    19.4005    43.5687     0.0512     0.0319     0.0058     0.8288    81.2356    10.4286    23.3108   401.4226    35.3109     0.0600    69.2015     0.2246
       2166     1.4267     0.0009   266.3522     7.0085    42.5044   477.2996   140.0338    18.0559     3.8621    19.4005    43.5687     0.0512     0.0319     0.0058     0.8288    81.2356    10.4286    23.3118   401.4392    35.3124     0.0600    69.2044     0.2246
       2167     1.4154     0.0009   266.3721     7.0085    42.5044   477.2996   140.0338    18.0559     3.8621    19.4005    43.5687     0.0512     0.0319     0.0058     0.8288    81.2356    10.4286    23.3128   401.4558    35.3139     0.0600    69.2072     0.2246
       2168     1.4041     0.0009   266.3919     7.0085    42.5044   477.2996   140.0338    18.0559     3.8621    19.4005    43.5687     0.0512     0.0319     0.0058     0.8288    81.2356    10.4286    23.3138   401.4725    35.3154     0.0600    69.2101     0.2246
       2169     1.3928     0.0009   266.4117     7.0085    42.5044   477.2996   140.0338    18.0559     3.8621    19.4005    43.5687     0.0512     0.0319     0.0058     0.8288    81.2356    10.4286    23.3147   401.4891    35.3168     0.0600    69.2130     0.2246
       2170     1.3815     0.0009   266.4316     7.0085    42.5044   477.2996   140.0338    18.0559     3.8621    19.4005    43.5687     0.0512     0.0319     0.0058     0.8292    81.2693    10.4329    23.3157   401.5058    35.3183     0.0600    69.2158     0.2246
       2171     1.3712     0.0009   266.4517     7.0085    42.5044   477.2996   140.0338    18.0559     3.8621    19.4005    43.5687     0.0512     0.0319     0.0058     0.8292    81.2693    10.4329    23.3167   401.5227    35.3198     0.0600    69.2188     0.2246
       2172     1.3609     0.0009   266.4718     7.0085    42.5044   477.2996   140.0338    18.0559     3.8621    19.4005    43.5687     0.0512     0.0319     0.0058     0.8292    81.2693    10.4329    23.3176   401.5396    35.3213     0.0600    69.2217     0.2246
       2173     1.3506     0.0009   266.4919     7.0085    42.5044   477.2996   140.0338    18.0559     3.8621    19.4005    43.5687     0.0512     0.0319     0.0058     0.8292    81.2693    10.4329    23.3186   401.5564    35.3228     0.0600    69.2246     0.2246
       2174     1.3403     0.0009   266.5120     7.0085    42.5044   477.2996   140.0338    18.0559     3.8621    19.4005    43.5687     0.0512     0.0319     0.0058     0.8292    81.2693    10.4329    23.3195   401.5733    35.3243     0.0600    69.2275     0.2246
       2175     1.3300     0.0009   266.5322     7.0085    42.5044   477.2996   140.0338    18.0559     3.8621    19.4005    43.5687     0.0512     0.0319     0.0058     0.8292    81.2693    10.4329    23.3205   401.5902    35.3257     0.0600    69.2304     0.2246
       2176     1.3197     0.0009   266.5523     7.0085    42.5044   477.2996   140.0338    18.0559     3.8621    19.4005    43.5687     0.0512     0.0319     0.0058     0.8292    81.2693    10.4329    23.3215   401.6071    35.3272     0.0600    69.2334     0.2246
       2177     1.3094     0.0009   266.5724     7.0085    42.5044   477.2996   140.0338    18.0559     3.8621    19.4005    43.5687     0.0512     0.0319     0.0058     0.8292    81.2693    10.4329    23.3224   401.6240    35.3287     0.0600    69.2363     0.2246
       2178     1.2991     0.0009   266.5925     7.0085    42.5044   477.2996   140.0338    18.0559     3.8621    19.4005    43.5687     0.0512     0.0319     0.0058     0.8292    81.2693    10.4329    23.3234   401.6408    35.3302     0.0600    69.2392     0.2246
       2179     1.2888     0.0009   266.6126     7.0085    42.5044   477.2996   140.0338    18.0559     3.8621    19.4005    43.5687     0.0512     0.0319     0.0058     0.8292    81.2693    10.4329    23.3243   401.6577    35.3317     0.0600    69.2421     0.2246
       2180     1.2785     0.0009   266.6327     7.0085    42.5044   477.2996   140.0338    18.0559     3.8621    19.4005    43.5687     0.0512     0.0319     0.0058     0.8295    81.3035    10.4373    23.3253   401.6746    35.3332     0.0600    69.2450     0.2246
       2181     1.2697     0.0009   266.6521     7.0085    42.5044   477.2996   140.0338    18.0559     3.8621    19.4005    43.5687     0.0512     0.0319     0.0058     0.8295    81.3035    10.4373    23.3263   401.6909    35.3346     0.0600    69.2479     0.2246
       2182     1.2608     0.0009   266.6716     7.0085    42.5044   477.2996   140.0338    18.0559     3.8621    19.4005    43.5687     0.0512     0.0319     0.0058     0.8295    81.3035    10.4373    23.3272   401.7072    35.3361     0.0600    69.2507     0.2246
       2183     1.2520     0.0009   266.6910     7.0085    42.5044   477.2996   140.0338    18.0559     3.8621    19.4005    43.5687     0.0512     0.0319     0.0058     0.8295    81.3035    10.4373    23.3282   401.7236    35.3375     0.0600    69.2535     0.2246
       2184     1.2431     0.0009   266.7104     7.0085    42.5044   477.2996   140.0338    18.0559     3.8621    19.4005    43.5687     0.0512     0.0319     0.0058     0.8295    81.3035    10.4373    23.3291   401.7399    35.3390     0.0600    69.2563     0.2246
       2185     1.2343     0.0009   266.7298     7.0085    42.5044   477.2996   140.0338    18.0559     3.8621    19.4005    43.5687     0.0512     0.0319     0.0058     0.8295    81.3035    10.4373    23.3300   401.7562    35.3404     0.0600    69.2591     0.2246
       2186     1.2255     0.0009   266.7493     7.0085    42.5044   477.2996   140.0338    18.0559     3.8621    19.4005    43.5687     0.0512     0.0319     0.0058     0.8295    81.3035    10.4373    23.3310   401.7725    35.3418     0.0600    69.2619     0.2246
       2187     1.2166     0.0009   266.7687     7.0085    42.5044   477.2996   140.0338    18.0559     3.8621    19.4005    43.5687     0.0512     0.0319     0.0058     0.8295    81.3035    10.4373    23.3319   401.7888    35.3433     0.0600    69.2647     0.2246
       2188     1.2078     0.0009   266.7881     7.0085    42.5044   477.2996   140.0338    18.0559     3.8621    19.4005    43.5687     0.0512     0.0319     0.0058     0.8295    81.3035    10.4373    23.3329   401.8052    35.3447     0.0600    69.2675     0.2246
       2189     1.1989     0.0009   266.8076     7.0085    42.5044   477.2996   140.0338    18.0559     3.8621    19.4005    43.5687     0.0512     0.0319     0.0058     0.8295    81.3035    10.4373    23.3339   401.8215    35.3462     0.0600    69.2704     0.2246
       2190     1.1901     0.0009   266.8270     7.0085    42.5044   477.2996   140.0338    18.0559     3.8621    19.4005    43.5687     0.0512     0.0319     0.0058     0.8299    81.3365    10.4415    23.3348   401.8378    35.3476     0.0600    69.2732     0.2246
       2191     1.1826     0.0009   266.8455     7.0085    42.5044   477.2996   140.0338    18.0559     3.8621    19.4005    43.5687     0.0512     0.0319     0.0058     0.8299    81.3365    10.4415    23.3357   401.8533    35.3490     0.0600    69.2758     0.2246
       2192     1.1750     0.0009   266.8641     7.0085    42.5044   477.2996   140.0338    18.0559     3.8621    19.4005    43.5687     0.0512     0.0319     0.0058     0.8299    81.3365    10.4415    23.3366   401.8689    35.3503     0.0600    69.2785     0.2246
       2193     1.1675     0.0009   266.8826     7.0085    42.5044   477.2996   140.0338    18.0559     3.8621    19.4005    43.5687     0.0512     0.0319     0.0058     0.8299    81.3365    10.4415    23.3376   401.8845    35.3517     0.0600    69.2812     0.2246
       2194     1.1600     0.0009   266.9012     7.0085    42.5044   477.2996   140.0338    18.0559     3.8621    19.4005    43.5687     0.0512     0.0319     0.0058     0.8299    81.3365    10.4415    23.3385   401.9000    35.3531     0.0600    69.2838     0.2246
       2195     1.1524     0.0009   266.9197     7.0085    42.5044   477.2996   140.0338    18.0559     3.8621    19.4005    43.5687     0.0512     0.0319     0.0058     0.8299    81.3365    10.4415    23.3394   401.9155    35.3544     0.0600    69.2865     0.2246
       2196     1.1449     0.0009   266.9382     7.0085    42.5044   477.2996   140.0338    18.0559     3.8621    19.4005    43.5687     0.0512     0.0319     0.0058     0.8299    81.3365    10.4415    23.3403   401.9311    35.3558     0.0600    69.2892     0.2246
       2197     1.1374     0.0009   266.9568     7.0085    42.5044   477.2996   140.0338    18.0559     3.8621    19.4005    43.5687     0.0512     0.0319     0.0058     0.8299    81.3365    10.4415    23.3412   401.9466    35.3572     0.0600    69.2919     0.2246
       2198     1.1299     0.0009   266.9753     7.0085    42.5044   477.2996   140.0338    18.0559     3.8621    19.4005    43.5687     0.0512     0.0319     0.0058     0.8299    81.3365    10.4415    23.3422   401.9622    35.3586     0.0600    69.2945     0.2246
       2199     1.1223     0.0009   266.9939     7.0085    42.5044   477.2996   140.0338    18.0559     3.8621    19.4005    43.5687     0.0512     0.0319     0.0058     0.8299    81.3365    10.4415    23.3431   401.9778    35.3599     0.0600    69.2972     0.2246
       2200     1.1148     0.0009   267.0124     7.0085    42.5044   477.2996   140.0338    18.0559     3.8621    19.4005    43.5687     0.0512     0.0319     0.0058     0.8302    81.3680    10.4456    23.3440   401.9933    35.3613     0.0600    69.2999     0.2246
       2201     1.1084     0.0009   267.0301     7.0085    42.5044   477.2996   140.0338    18.0559     3.8621    19.4005    43.5687     0.0512     0.0319     0.0058     0.8302    81.3680    10.4456    23.3449   402.0081    35.3626     0.0600    69.3024     0.2246
       2202     1.1019     0.0009   267.0477     7.0085    42.5044   477.2996   140.0338    18.0559     3.8621    19.4005    43.5687     0.0512     0.0319     0.0058     0.8302    81.3680    10.4456    23.3457   402.0230    35.3639     0.0600    69.3050     0.2246
       2203     1.0955     0.0009   267.0654     7.0085    42.5044   477.2996   140.0338    18.0559     3.8621    19.4005    43.5687     0.0512     0.0319     0.0058     0.8302    81.3680    10.4456    23.3466   402.0378    35.3652     0.0600    69.3076     0.2246
       2204     1.0890     0.0009   267.0830     7.0085    42.5044   477.2996   140.0338    18.0559     3.8621    19.4005    43.5687     0.0512     0.0319     0.0058     0.8302    81.3680    10.4456    23.3474   402.0526    35.3665     0.0600    69.3101     0.2246
       2205     1.0826     0.0009   267.1007     7.0085    42.5044   477.2996   140.0338    18.0559     3.8621    19.4005    43.5687     0.0512     0.0319     0.0058     0.8302    81.3680    10.4456    23.3483   402.0675    35.3678     0.0600    69.3127     0.2246
       2206     1.0762     0.0009   267.1184     7.0085    42.5044   477.2996   140.0338    18.0559     3.8621    19.4005    43.5687     0.0513     0.0319     0.0058     0.8302    81.3680    10.4456    23.3491   402.0823    35.3691     0.0600    69.3152     0.2246
       2207     1.0697     0.0009   267.1360     7.0085    42.5044   477.2996   140.0338    18.0559     3.8621    19.4005    43.5687     0.0513     0.0319     0.0058     0.8302    81.3680    10.4456    23.3499   402.0971    35.3704     0.0600    69.3178     0.2246
       2208     1.0633     0.0009   267.1537     7.0085    42.5044   477.2996   140.0338    18.0559     3.8621    19.4005    43.5687     0.0513     0.0319     0.0058     0.8302    81.3680    10.4456    23.3508   402.1119    35.3717     0.0600    69.3204     0.2246
       2209     1.0568     0.0009   267.1713     7.0085    42.5044   477.2996   140.0338    18.0559     3.8621    19.4005    43.5687     0.0513     0.0319     0.0058     0.8302    81.3680    10.4456    23.3516   402.1268    35.3730     0.0600    69.3229     0.2246
       2210     1.0504     0.0009   267.1890     7.0085    42.5044   477.2996   140.0338    18.0559     3.8621    19.4005    43.5687     0.0513     0.0319     0.0058     0.8305    81.3980    10.4494    23.3525   402.1416    35.3743     0.0600    69.3255     0.2246
       2211     1.0449     0.0009   267.2058     7.0085    42.5044   477.2996   140.0338    18.0559     3.8621    19.4005    43.5687     0.0513     0.0319     0.0058     0.8305    81.3980    10.4494    23.3533   402.1557    35.3755     0.0600    69.3279     0.2246
       2212     1.0393     0.0009   267.2226     7.0085    42.5044   477.2996   140.0338    18.0559     3.8621    19.4005    43.5687     0.0513     0.0319     0.0058     0.8305    81.3980    10.4494    23.3541   402.1698    35.3768     0.0600    69.3304     0.2246
       2213     1.0338     0.0009   267.2394     7.0085    42.5044   477.2996   140.0338    18.0559     3.8621    19.4005    43.5687     0.0513     0.0319     0.0058     0.8305    81.3980    10.4494    23.3550   402.1839    35.3780     0.0600    69.3328     0.2246
       2214     1.0282     0.0009   267.2562     7.0085    42.5044   477.2996   140.0338    18.0559     3.8621    19.4005    43.5687     0.0513     0.0319     0.0058     0.8305    81.3980    10.4494    23.3558   402.1980    35.3792     0.0600    69.3352     0.2246
       2215     1.0227     0.0009   267.2730     7.0085    42.5044   477.2996   140.0338    18.0559     3.8621    19.4005    43.5687     0.0513     0.0319     0.0058     0.8305    81.3980    10.4494    23.3566   402.2120    35.3805     0.0600    69.3377     0.2246
       2216     1.0172     0.0009   267.2898     7.0085    42.5044   477.2996   140.0338    18.0559     3.8621    19.4005    43.5687     0.0513     0.0319     0.0058     0.8305    81.3980    10.4494    23.3574   402.2261    35.3817     0.0600    69.3401     0.2246
       2217     1.0116     0.0009   267.3066     7.0085    42.5044   477.2996   140.0338    18.0559     3.8621    19.4005    43.5687     0.0513     0.0319     0.0058     0.8305    81.3980    10.4494    23.3582   402.2402    35.3829     0.0600    69.3425     0.2246
       2218     1.0061     0.0009   267.3234     7.0085    42.5044   477.2996   140.0338    18.0559     3.8621    19.4005    43.5687     0.0513     0.0319     0.0058     0.8305    81.3980    10.4494    23.3591   402.2543    35.3841     0.0600    69.3450     0.2246
       2219     1.0005     0.0009   267.3402     7.0085    42.5044   477.2996   140.0338    18.0559     3.8621    19.4005    43.5687     0.0513     0.0319     0.0058     0.8305    81.3980    10.4494    23.3599   402.2684    35.3854     0.0600    69.3474     0.2246
       2220     0.9950     0.0009   267.3570     7.0085    42.5044   477.2996   140.0338    18.0559     3.8621    19.4005    43.5687     0.0513     0.0319     0.0058     0.8308    81.4266    10.4531    23.3607   402.2825    35.3866     0.0600    69.3499     0.2246
       2221     0.9902     0.0009   267.3730     7.0085    42.5044   477.2996   140.0338    18.0559     3.8621    19.4005    43.5687     0.0513     0.0319     0.0058     0.8308    81.4266    10.4531    23.3615   402.2959    35.3878     0.0600    69.3522     0.2246
       2222     0.9855     0.0009   267.3890     7.0085    42.5044   477.2996   140.0338    18.0559     3.8621    19.4005    43.5687     0.0513     0.0319     0.0058     0.8308    81.4266    10.4531    23.3623   402.3094    35.3890     0.0600    69.3545     0.2246
       2223     0.9807     0.0009   267.4050     7.0085    42.5044   477.2996   140.0338    18.0559     3.8621    19.4005    43.5687     0.0513     0.0319     0.0058     0.8308    81.4266    10.4531    23.3630   402.3228    35.3902     0.0600    69.3568     0.2246
       2224     0.9759     0.0009   267.4210     7.0085    42.5044   477.2996   140.0338    18.0559     3.8621    19.4005    43.5687     0.0513     0.0319     0.0058     0.8308    81.4266    10.4531    23.3638   402.3362    35.3914     0.0600    69.3591     0.2246
       2225     0.9712     0.0009   267.4370     7.0085    42.5044   477.2996   140.0338    18.0559     3.8621    19.4005    43.5687     0.0513     0.0319     0.0058     0.8308    81.4266    10.4531    23.3646   402.3496    35.3925     0.0600    69.3614     0.2246
       2226     0.9664     0.0009   267.4530     7.0085    42.5044   477.2996   140.0338    18.0559     3.8621    19.4005    43.5687     0.0513     0.0319     0.0058     0.8308    81.4266    10.4531    23.3654   402.3631    35.3937     0.0600    69.3637     0.2246
       2227     0.9616     0.0009   267.4690     7.0085    42.5044   477.2996   140.0338    18.0559     3.8621    19.4005    43.5687     0.0513     0.0319     0.0058     0.8308    81.4266    10.4531    23.3662   402.3765    35.3949     0.0600    69.3660     0.2246
       2228     0.9568     0.0009   267.4850     7.0085    42.5044   477.2996   140.0338    18.0559     3.8621    19.4005    43.5687     0.0513     0.0319     0.0058     0.8308    81.4266    10.4531    23.3669   402.3899    35.3961     0.0600    69.3683     0.2246
       2229     0.9521     0.0009   267.5010     7.0085    42.5044   477.2996   140.0338    18.0559     3.8621    19.4005    43.5687     0.0513     0.0319     0.0058     0.8308    81.4266    10.4531    23.3677   402.4034    35.3973     0.0600    69.3707     0.2246
       2230     0.9473     0.0009   267.5170     7.0085    42.5044   477.2996   140.0338    18.0559     3.8621    19.4005    43.5687     0.0513     0.0319     0.0058     0.8311    81.4537    10.4566    23.3685   402.4168    35.3985     0.0600    69.3730     0.2246
       2231     0.9431     0.0009   267.5323     7.0085    42.5044   477.2996   140.0338    18.0559     3.8621    19.4005    43.5687     0.0513     0.0319     0.0058     0.8311    81.4537    10.4566    23.3693   402.4296    35.3996     0.0600    69.3752     0.2246
       2232     0.9390     0.0009   267.5475     7.0085    42.5044   477.2996   140.0338    18.0559     3.8621    19.4005    43.5687     0.0513     0.0319     0.0058     0.8311    81.4537    10.4566    23.3700   402.4424    35.4008     0.0600    69.3774     0.2246
       2233     0.9348     0.0009   267.5628     7.0085    42.5044   477.2996   140.0338    18.0559     3.8621    19.4005    43.5687     0.0513     0.0319     0.0058     0.8311    81.4537    10.4566    23.3708   402.4552    35.4019     0.0600    69.3796     0.2246
       2234     0.9307     0.0009   267.5780     7.0085    42.5044   477.2996   140.0338    18.0559     3.8621    19.4005    43.5687     0.0513     0.0319     0.0058     0.8311    81.4537    10.4566    23.3715   402.4680    35.4030     0.0600    69.3818     0.2246
       2235     0.9265     0.0009   267.5933     7.0085    42.5044   477.2996   140.0338    18.0559     3.8621    19.4005    43.5687     0.0513     0.0319     0.0058     0.8311    81.4537    10.4566    23.3723   402.4808    35.4042     0.0600    69.3840     0.2246
       2236     0.9223     0.0009   267.6086     7.0085    42.5044   477.2996   140.0338    18.0559     3.8621    19.4005    43.5687     0.0513     0.0319     0.0058     0.8311    81.4537    10.4566    23.3730   402.4937    35.4053     0.0600    69.3862     0.2246
       2237     0.9182     0.0009   267.6238     7.0085    42.5044   477.2996   140.0338    18.0559     3.8621    19.4005    43.5687     0.0513     0.0319     0.0058     0.8311    81.4537    10.4566    23.3738   402.5065    35.4064     0.0600    69.3885     0.2246
       2238     0.9140     0.0009   267.6391     7.0085    42.5044   477.2996   140.0338    18.0559     3.8621    19.4005    43.5687     0.0513     0.0319     0.0058     0.8311    81.4537    10.4566    23.3745   402.5193    35.4075     0.0600    69.3907     0.2246
       2239     0.9099     0.0009   267.6543     7.0085    42.5044   477.2996   140.0338    18.0559     3.8621    19.4005    43.5687     0.0513     0.0319     0.0058     0.8311    81.4537    10.4566    23.3753   402.5321    35.4087     0.0600    69.3929     0.2246
       2240     0.9057     0.0009   267.6696     7.0085    42.5044   477.2996   140.0338    18.0559     3.8621    19.4005    43.5687     0.0513     0.0319     0.0058     0.8313    81.4797    10.4599    23.3760   402.5449    35.4098     0.0600    69.3951     0.2246
       2241     0.9021     0.0009   267.6842     7.0085    42.5044   477.2996   140.0338    18.0559     3.8621    19.4005    43.5687     0.0513     0.0319     0.0058     0.8313    81.4797    10.4599    23.3767   402.5571    35.4109     0.0600    69.3972     0.2246
       2242     0.8984     0.0009   267.6988     7.0085    42.5044   477.2996   140.0338    18.0559     3.8621    19.4005    43.5687     0.0513     0.0319     0.0058     0.8313    81.4797    10.4599    23.3774   402.5694    35.4119     0.0600    69.3993     0.2246
       2243     0.8948     0.0009   267.7134     7.0085    42.5044   477.2996   140.0338    18.0559     3.8621    19.4005    43.5687     0.0513     0.0319     0.0058     0.8313    81.4797    10.4599    23.3781   402.5817    35.4130     0.0600    69.4014     0.2246
       2244     0.8911     0.0009   267.7280     7.0085    42.5044   477.2996   140.0338    18.0559     3.8621    19.4005    43.5687     0.0513     0.0319     0.0058     0.8313    81.4797    10.4599    23.3788   402.5939    35.4141     0.0600    69.4035     0.2246
       2245     0.8875     0.0009   267.7425     7.0085    42.5044   477.2996   140.0338    18.0559     3.8621    19.4005    43.5687     0.0513     0.0319     0.0058     0.8313    81.4797    10.4599    23.3795   402.6062    35.4151     0.0600    69.4056     0.2246
       2246     0.8839     0.0009   267.7571     7.0085    42.5044   477.2996   140.0338    18.0559     3.8621    19.4005    43.5687     0.0513     0.0319     0.0058     0.8313    81.4797    10.4599    23.3803   402.6184    35.4162     0.0600    69.4077     0.2246
       2247     0.8802     0.0009   267.7717     7.0085    42.5044   477.2996   140.0338    18.0559     3.8621    19.4005    43.5687     0.0513     0.0319     0.0058     0.8313    81.4797    10.4599    23.3810   402.6307    35.4173     0.0600    69.4098     0.2246
       2248     0.8766     0.0009   267.7863     7.0085    42.5044   477.2996   140.0338    18.0559     3.8621    19.4005    43.5687     0.0513     0.0319     0.0058     0.8313    81.4797    10.4599    23.3817   402.6429    35.4184     0.0600    69.4119     0.2246
       2249     0.8729     0.0009   267.8009     7.0085    42.5044   477.2996   140.0338    18.0559     3.8621    19.4005    43.5687     0.0513     0.0319     0.0058     0.8313    81.4797    10.4599    23.3824   402.6551    35.4194     0.0600    69.4140     0.2246
       2250     0.8693     0.0009   267.8155     7.0085    42.5044   477.2996   140.0338    18.0559     3.8621    19.4005    43.5687     0.0513     0.0319     0.0058     0.8316    81.5045    10.4631    23.3831   402.6674    35.4205     0.0600    69.4161     0.2246
       2251     0.8661     0.0009   267.8295     7.0085    42.5044   477.2996   140.0338    18.0559     3.8621    19.4005    43.5687     0.0513     0.0319     0.0058     0.8316    81.5045    10.4631    23.3838   402.6791    35.4215     0.0600    69.4181     0.2246
       2252     0.8629     0.0009   267.8434     7.0085    42.5044   477.2996   140.0338    18.0559     3.8621    19.4005    43.5687     0.0513     0.0319     0.0058     0.8316    81.5045    10.4631    23.3845   402.6909    35.4226     0.0600    69.4202     0.2246
       2253     0.8597     0.0009   267.8574     7.0085    42.5044   477.2996   140.0338    18.0559     3.8621    19.4005    43.5687     0.0513     0.0319     0.0058     0.8316    81.5045    10.4631    23.3851   402.7026    35.4236     0.0600    69.4222     0.2246
       2254     0.8565     0.0009   267.8713     7.0085    42.5044   477.2996   140.0338    18.0559     3.8621    19.4005    43.5687     0.0513     0.0319     0.0058     0.8316    81.5045    10.4631    23.3858   402.7143    35.4246     0.0600    69.4242     0.2246
       2255     0.8533     0.0009   267.8853     7.0085    42.5044   477.2996   140.0338    18.0559     3.8621    19.4005    43.5687     0.0513     0.0319     0.0058     0.8316    81.5045    10.4631    23.3865   402.7260    35.4256     0.0600    69.4263     0.2246
       2256     0.8501     0.0009   267.8993     7.0085    42.5044   477.2996   140.0338    18.0559     3.8621    19.4005    43.5687     0.0513     0.0319     0.0058     0.8316    81.5045    10.4631    23.3872   402.7378    35.4267     0.0600    69.4283     0.2246
       2257     0.8469     0.0009   267.9132     7.0085    42.5044   477.2996   140.0338    18.0559     3.8621    19.4005    43.5687     0.0513     0.0319     0.0058     0.8316    81.5045    10.4631    23.3879   402.7495    35.4277     0.0600    69.4303     0.2246
       2258     0.8437     0.0009   267.9272     7.0085    42.5044   477.2996   140.0338    18.0559     3.8621    19.4005    43.5687     0.0513     0.0319     0.0058     0.8316    81.5045    10.4631    23.3885   402.7612    35.4287     0.0600    69.4323     0.2246
       2259     0.8405     0.0009   267.9411     7.0085    42.5044   477.2996   140.0338    18.0559     3.8621    19.4005    43.5687     0.0513     0.0319     0.0058     0.8316    81.5045    10.4631    23.3892   402.7730    35.4298     0.0600    69.4344     0.2246
       2260     0.8373     0.0009   267.9551     7.0085    42.5044   477.2996   140.0338    18.0559     3.8621    19.4005    43.5687     0.0513     0.0319     0.0058     0.8318    81.5282    10.4661    23.3899   402.7847    35.4308     0.0600    69.4364     0.2246
       2261     0.8344     0.0009   267.9685     7.0085    42.5044   477.2996   140.0338    18.0559     3.8621    19.4005    43.5687     0.0513     0.0319     0.0058     0.8318    81.5282    10.4661    23.3905   402.7959    35.4318     0.0600    69.4383     0.2246
       2262     0.8316     0.0009   267.9819     7.0085    42.5044   477.2996   140.0338    18.0559     3.8621    19.4005    43.5687     0.0513     0.0319     0.0058     0.8318    81.5282    10.4661    23.3912   402.8071    35.4328     0.0600    69.4403     0.2246
       2263     0.8288     0.0009   267.9952     7.0085    42.5044   477.2996   140.0338    18.0559     3.8621    19.4005    43.5687     0.0513     0.0319     0.0058     0.8318    81.5282    10.4661    23.3918   402.8183    35.4337     0.0600    69.4422     0.2246
       2264     0.8259     0.0009   268.0086     7.0085    42.5044   477.2996   140.0338    18.0559     3.8621    19.4005    43.5687     0.0513     0.0319     0.0058     0.8318    81.5282    10.4661    23.3925   402.8295    35.4347     0.0600    69.4441     0.2246
       2265     0.8230     0.0009   268.0220     7.0085    42.5044   477.2996   140.0338    18.0559     3.8621    19.4005    43.5687     0.0513     0.0319     0.0058     0.8318    81.5282    10.4661    23.3931   402.8407    35.4357     0.0600    69.4460     0.2246
       2266     0.8202     0.0009   268.0354     7.0085    42.5044   477.2996   140.0338    18.0559     3.8621    19.4005    43.5687     0.0513     0.0319     0.0058     0.8318    81.5282    10.4661    23.3937   402.8519    35.4367     0.0601    69.4480     0.2246
       2267     0.8174     0.0009   268.0488     7.0085    42.5044   477.2996   140.0338    18.0559     3.8621    19.4005    43.5687     0.0513     0.0319     0.0058     0.8318    81.5282    10.4661    23.3944   402.8631    35.4377     0.0601    69.4499     0.2246
       2268     0.8145     0.0009   268.0621     7.0085    42.5044   477.2996   140.0338    18.0559     3.8621    19.4005    43.5687     0.0513     0.0319     0.0058     0.8318    81.5282    10.4661    23.3950   402.8743    35.4386     0.0601    69.4518     0.2246
       2269     0.8116     0.0009   268.0755     7.0085    42.5044   477.2996   140.0338    18.0559     3.8621    19.4005    43.5687     0.0513     0.0319     0.0058     0.8318    81.5282    10.4661    23.3957   402.8855    35.4396     0.0601    69.4537     0.2246
       2270     0.8088     0.0009   268.0889     7.0085    42.5044   477.2996   140.0338    18.0559     3.8621    19.4005    43.5687     0.0513     0.0319     0.0058     0.8321    81.5509    10.4690    23.3963   402.8967    35.4406     0.0601    69.4557     0.2246
       2271     0.8063     0.0009   268.1017     7.0085    42.5044   477.2996   140.0338    18.0559     3.8621    19.4005    43.5687     0.0513     0.0319     0.0058     0.8321    81.5509    10.4690    23.3969   402.9075    35.4416     0.0601    69.4575     0.2246
       2272     0.8038     0.0009   268.1146     7.0085    42.5044   477.2996   140.0338    18.0559     3.8621    19.4005    43.5687     0.0513     0.0319     0.0058     0.8321    81.5509    10.4690    23.3976   402.9183    35.4425     0.0601    69.4594     0.2246
       2273     0.8013     0.0009   268.1274     7.0085    42.5044   477.2996   140.0338    18.0559     3.8621    19.4005    43.5687     0.0513     0.0319     0.0058     0.8321    81.5509    10.4690    23.3982   402.9290    35.4435     0.0601    69.4612     0.2246
       2274     0.7988     0.0009   268.1403     7.0085    42.5044   477.2996   140.0338    18.0559     3.8621    19.4005    43.5687     0.0513     0.0319     0.0058     0.8321    81.5509    10.4690    23.3989   402.9398    35.4444     0.0601    69.4631     0.2246
       2275     0.7962     0.0009   268.1531     7.0085    42.5044   477.2996   140.0338    18.0559     3.8621    19.4005    43.5687     0.0513     0.0319     0.0058     0.8321    81.5509    10.4690    23.3995   402.9506    35.4454     0.0601    69.4649     0.2246
       2276     0.7937     0.0009   268.1659     7.0085    42.5044   477.2996   140.0338    18.0559     3.8621    19.4005    43.5687     0.0513     0.0319     0.0058     0.8321    81.5509    10.4690    23.4001   402.9614    35.4464     0.0601    69.4668     0.2246
       2277     0.7912     0.0009   268.1788     7.0085    42.5044   477.2996   140.0338    18.0559     3.8621    19.4005    43.5687     0.0513     0.0319     0.0058     0.8321    81.5509    10.4690    23.4008   402.9722    35.4473     0.0601    69.4686     0.2246
       2278     0.7887     0.0009   268.1916     7.0085    42.5044   477.2996   140.0338    18.0559     3.8621    19.4005    43.5687     0.0513     0.0319     0.0058     0.8321    81.5509    10.4690    23.4014   402.9829    35.4483     0.0601    69.4705     0.2246
       2279     0.7862     0.0009   268.2045     7.0085    42.5044   477.2996   140.0338    18.0559     3.8621    19.4005    43.5687     0.0513     0.0319     0.0058     0.8321    81.5509    10.4690    23.4021   402.9937    35.4492     0.0601    69.4723     0.2246
       2280     0.7837     0.0009   268.2173     7.0085    42.5044   477.2996   140.0338    18.0559     3.8621    19.4005    43.5687     0.0513     0.0319     0.0058     0.8323    81.5727    10.4718    23.4027   403.0045    35.4502     0.0601    69.4742     0.2246
       2281     0.7814     0.0009   268.2296     7.0085    42.5044   477.2996   140.0338    18.0559     3.8621    19.4005    43.5687     0.0513     0.0319     0.0058     0.8323    81.5727    10.4718    23.4033   403.0149    35.4511     0.0601    69.4760     0.2246
       2282     0.7791     0.0009   268.2420     7.0085    42.5044   477.2996   140.0338    18.0559     3.8621    19.4005    43.5687     0.0513     0.0319     0.0058     0.8323    81.5727    10.4718    23.4039   403.0252    35.4520     0.0601    69.4778     0.2246
       2283     0.7769     0.0009   268.2543     7.0085    42.5044   477.2996   140.0338    18.0559     3.8621    19.4005    43.5687     0.0513     0.0319     0.0058     0.8323    81.5727    10.4718    23.4045   403.0356    35.4529     0.0601    69.4796     0.2246
       2284     0.7746     0.0009   268.2666     7.0085    42.5044   477.2996   140.0338    18.0559     3.8621    19.4005    43.5687     0.0513     0.0319     0.0058     0.8323    81.5727    10.4718    23.4051   403.0459    35.4538     0.0601    69.4813     0.2246
       2285     0.7723     0.0009   268.2790     7.0085    42.5044   477.2996   140.0338    18.0559     3.8621    19.4005    43.5687     0.0513     0.0319     0.0058     0.8323    81.5727    10.4718    23.4057   403.0563    35.4547     0.0601    69.4831     0.2246
       2286     0.7700     0.0009   268.2913     7.0085    42.5044   477.2996   140.0338    18.0559     3.8621    19.4005    43.5687     0.0513     0.0319     0.0058     0.8323    81.5727    10.4718    23.4063   403.0667    35.4557     0.0601    69.4849     0.2246
       2287     0.7677     0.0009   268.3036     7.0085    42.5044   477.2996   140.0338    18.0559     3.8621    19.4005    43.5687     0.0513     0.0319     0.0058     0.8323    81.5727    10.4718    23.4069   403.0770    35.4566     0.0601    69.4867     0.2246
       2288     0.7655     0.0009   268.3159     7.0085    42.5044   477.2996   140.0338    18.0559     3.8621    19.4005    43.5687     0.0513     0.0319     0.0058     0.8323    81.5727    10.4718    23.4075   403.0874    35.4575     0.0601    69.4885     0.2246
       2289     0.7632     0.0009   268.3283     7.0085    42.5044   477.2996   140.0338    18.0559     3.8621    19.4005    43.5687     0.0513     0.0319     0.0058     0.8323    81.5727    10.4718    23.4081   403.0977    35.4584     0.0601    69.4903     0.2246
       2290     0.7609     0.0009   268.3406     7.0085    42.5044   477.2996   140.0338    18.0559     3.8621    19.4005    43.5687     0.0513     0.0319     0.0058     0.8325    81.5937    10.4745    23.4087   403.1081    35.4593     0.0601    69.4921     0.2246
       2291     0.7588     0.0009   268.3525     7.0085    42.5044   477.2996   140.0338    18.0559     3.8621    19.4005    43.5687     0.0513     0.0319     0.0058     0.8325    81.5937    10.4745    23.4093   403.1181    35.4602     0.0601    69.4938     0.2246
       2292     0.7568     0.0009   268.3643     7.0085    42.5044   477.2996   140.0338    18.0559     3.8621    19.4005    43.5687     0.0513     0.0319     0.0058     0.8325    81.5937    10.4745    23.4099   403.1280    35.4610     0.0601    69.4955     0.2246
       2293     0.7547     0.0009   268.3762     7.0085    42.5044   477.2996   140.0338    18.0559     3.8621    19.4005    43.5687     0.0513     0.0319     0.0058     0.8325    81.5937    10.4745    23.4104   403.1380    35.4619     0.0601    69.4972     0.2246
       2294     0.7527     0.0009   268.3881     7.0085    42.5044   477.2996   140.0338    18.0559     3.8621    19.4005    43.5687     0.0513     0.0319     0.0058     0.8325    81.5937    10.4745    23.4110   403.1479    35.4628     0.0601    69.4990     0.2246
       2295     0.7506     0.0009   268.3999     7.0085    42.5044   477.2996   140.0338    18.0559     3.8621    19.4005    43.5687     0.0513     0.0319     0.0058     0.8325    81.5937    10.4745    23.4116   403.1579    35.4637     0.0602    69.5007     0.2246
       2296     0.7485     0.0009   268.4118     7.0085    42.5044   477.2996   140.0338    18.0559     3.8621    19.4005    43.5687     0.0513     0.0319     0.0058     0.8325    81.5937    10.4745    23.4122   403.1679    35.4645     0.0602    69.5024     0.2246
       2297     0.7465     0.0009   268.4237     7.0085    42.5044   477.2996   140.0338    18.0559     3.8621    19.4005    43.5687     0.0513     0.0319     0.0058     0.8325    81.5937    10.4745    23.4128   403.1778    35.4654     0.0602    69.5041     0.2246
       2298     0.7444     0.0009   268.4356     7.0085    42.5044   477.2996   140.0338    18.0559     3.8621    19.4005    43.5687     0.0513     0.0319     0.0058     0.8325    81.5937    10.4745    23.4133   403.1878    35.4663     0.0602    69.5059     0.2246
       2299     0.7424     0.0009   268.4474     7.0085    42.5044   477.2996   140.0338    18.0559     3.8621    19.4005    43.5687     0.0513     0.0319     0.0058     0.8325    81.5937    10.4745    23.4139   403.1977    35.4671     0.0602    69.5076     0.2246
       2300     0.7403     0.0009   268.4593     7.0085    42.5044   477.2996   140.0338    18.0559     3.8621    19.4005    43.5687     0.0513     0.0319     0.0058     0.8327    81.6138    10.4771    23.4145   403.2077    35.4680     0.0602    69.5093     0.2246
                                                                                                                                                                                                                                                                        
