
__RCP-TOOL MAGICC 6.X DATA FILE__

Source & Description: End-of-year CO2 - concentrations (ppm): up to 1832: Law Dome Ice Core data (Etheridge et al.) 75yr smoothed data
as provided on ftp://ftp.ncdc.noaa.gov/pub/data/paleo/icecore/antarctica/law/law_co2.txt, 
1982 to 2008:NOAA global-mean - as provided on:Source: ftp://ftp.cmdl.noaa.gov/ccg/co2/trends/co2_annmean_gl.txt 1959 to 1981: Keeling MLO record with 0.59 ppm subtracted.
0.59 ppm is the mean MLO minus NOAAglobe value over 1982-1986. 
Note that there are NOAAglobe data for 1980 and 1981, 
but these are not used because they are less consistent with MLO than for subsequent years. 
The 1982 NOAAglobe and adjusted MLO values are the same at 340.56 ppm. 
For 1823 through 1958 the Law Dome 20-year smoothed data are used. 
No correction is required because the mean difference, 
Law minus adjusted MLO over 1959-1963 is virtually zero (-0.006 ppm). 
All data is derived from annual means, but averaged so that end-of-year concentrations are derived. 
Compiled by: Tom Wigley and (a little bit by) Malte Meinshausen 
Date: 10-Oct-2008 21:09:25 & updated 22-Sept-2009 18:46:24
 
 

&THISFILE_SPECIFICATIONS 
 THISFILE_DATACOLUMNS    =    1  ,
 THISFILE_FIRSTYEAR      = 1010  ,
 THISFILE_LASTYEAR       = 2300  ,
 THISFILE_ANNUALSTEPS    =    1  ,
 THISFILE_FIRSTDATAROW   =   31  ,
 THISFILE_UNITS          = ppm  ,
 THISFILE_DATTYPE        = FOURBOXDATA  ,
/  

    COLCODE              GLOBAL
		1010	2.78051600e+002
		1011	2.78051600e+002
		1012	2.78051600e+002
		1013	2.78051600e+002
		1014	2.78051600e+002
		1015	2.78051600e+002
		1016	2.78051600e+002
		1017	2.78051600e+002
		1018	2.78051600e+002
		1019	2.78051600e+002
		1020	2.78051600e+002
		1021	2.78051600e+002
		1022	2.78051600e+002
		1023	2.78051600e+002
		1024	2.78051600e+002
		1025	2.78051600e+002
		1026	2.78051600e+002
		1027	2.78051600e+002
		1028	2.78051600e+002
		1029	2.78051600e+002
		1030	2.78051600e+002
		1031	2.78051600e+002
		1032	2.78051600e+002
		1033	2.78051600e+002
		1034	2.78051600e+002
		1035	2.78051600e+002
		1036	2.78051600e+002
		1037	2.78051600e+002
		1038	2.78051600e+002
		1039	2.78051600e+002
		1040	2.78051600e+002
		1041	2.78051600e+002
		1042	2.78051600e+002
		1043	2.78051600e+002
		1044	2.78051600e+002
		1045	2.78051600e+002
		1046	2.78051600e+002
		1047	2.78051600e+002
		1048	2.78051600e+002
		1049	2.78051600e+002
		1050	2.78051600e+002
		1051	2.78051600e+002
		1052	2.78051600e+002
		1053	2.78051600e+002
		1054	2.78051600e+002
		1055	2.78051600e+002
		1056	2.78051600e+002
		1057	2.78051600e+002
		1058	2.78051600e+002
		1059	2.78051600e+002
		1060	2.78051600e+002
		1061	2.78051600e+002
		1062	2.78051600e+002
		1063	2.78051600e+002
		1064	2.78051600e+002
		1065	2.78051600e+002
		1066	2.78051600e+002
		1067	2.78051600e+002
		1068	2.78051600e+002
		1069	2.78051600e+002
		1070	2.78051600e+002
		1071	2.78051600e+002
		1072	2.78051600e+002
		1073	2.78051600e+002
		1074	2.78051600e+002
		1075	2.78051600e+002
		1076	2.78051600e+002
		1077	2.78051600e+002
		1078	2.78051600e+002
		1079	2.78051600e+002
		1080	2.78051600e+002
		1081	2.78051600e+002
		1082	2.78051600e+002
		1083	2.78051600e+002
		1084	2.78051600e+002
		1085	2.78051600e+002
		1086	2.78051600e+002
		1087	2.78051600e+002
		1088	2.78051600e+002
		1089	2.78051600e+002
		1090	2.78051600e+002
		1091	2.78051600e+002
		1092	2.78051600e+002
		1093	2.78051600e+002
		1094	2.78051600e+002
		1095	2.78051600e+002
		1096	2.78051600e+002
		1097	2.78051600e+002
		1098	2.78051600e+002
		1099	2.78051600e+002
		1100	2.78051600e+002
		1101	2.78051600e+002
		1102	2.78051600e+002
		1103	2.78051600e+002
		1104	2.78051600e+002
		1105	2.78051600e+002
		1106	2.78051600e+002
		1107	2.78051600e+002
		1108	2.78051600e+002
		1109	2.78051600e+002
		1110	2.78051600e+002
		1111	2.78051600e+002
		1112	2.78051600e+002
		1113	2.78051600e+002
		1114	2.78051600e+002
		1115	2.78051600e+002
		1116	2.78051600e+002
		1117	2.78051600e+002
		1118	2.78051600e+002
		1119	2.78051600e+002
		1120	2.78051600e+002
		1121	2.78051600e+002
		1122	2.78051600e+002
		1123	2.78051600e+002
		1124	2.78051600e+002
		1125	2.78051600e+002
		1126	2.78051600e+002
		1127	2.78051600e+002
		1128	2.78051600e+002
		1129	2.78051600e+002
		1130	2.78051600e+002
		1131	2.78051600e+002
		1132	2.78051600e+002
		1133	2.78051600e+002
		1134	2.78051600e+002
		1135	2.78051600e+002
		1136	2.78051600e+002
		1137	2.78051600e+002
		1138	2.78051600e+002
		1139	2.78051600e+002
		1140	2.78051600e+002
		1141	2.78051600e+002
		1142	2.78051600e+002
		1143	2.78051600e+002
		1144	2.78051600e+002
		1145	2.78051600e+002
		1146	2.78051600e+002
		1147	2.78051600e+002
		1148	2.78051600e+002
		1149	2.78051600e+002
		1150	2.78051600e+002
		1151	2.78051600e+002
		1152	2.78051600e+002
		1153	2.78051600e+002
		1154	2.78051600e+002
		1155	2.78051600e+002
		1156	2.78051600e+002
		1157	2.78051600e+002
		1158	2.78051600e+002
		1159	2.78051600e+002
		1160	2.78051600e+002
		1161	2.78051600e+002
		1162	2.78051600e+002
		1163	2.78051600e+002
		1164	2.78051600e+002
		1165	2.78051600e+002
		1166	2.78051600e+002
		1167	2.78051600e+002
		1168	2.78051600e+002
		1169	2.78051600e+002
		1170	2.78051600e+002
		1171	2.78051600e+002
		1172	2.78051600e+002
		1173	2.78051600e+002
		1174	2.78051600e+002
		1175	2.78051600e+002
		1176	2.78051600e+002
		1177	2.78051600e+002
		1178	2.78051600e+002
		1179	2.78051600e+002
		1180	2.78051600e+002
		1181	2.78051600e+002
		1182	2.78051600e+002
		1183	2.78051600e+002
		1184	2.78051600e+002
		1185	2.78051600e+002
		1186	2.78051600e+002
		1187	2.78051600e+002
		1188	2.78051600e+002
		1189	2.78051600e+002
		1190	2.78051600e+002
		1191	2.78051600e+002
		1192	2.78051600e+002
		1193	2.78051600e+002
		1194	2.78051600e+002
		1195	2.78051600e+002
		1196	2.78051600e+002
		1197	2.78051600e+002
		1198	2.78051600e+002
		1199	2.78051600e+002
		1200	2.78051600e+002
		1201	2.78051600e+002
		1202	2.78051600e+002
		1203	2.78051600e+002
		1204	2.78051600e+002
		1205	2.78051600e+002
		1206	2.78051600e+002
		1207	2.78051600e+002
		1208	2.78051600e+002
		1209	2.78051600e+002
		1210	2.78051600e+002
		1211	2.78051600e+002
		1212	2.78051600e+002
		1213	2.78051600e+002
		1214	2.78051600e+002
		1215	2.78051600e+002
		1216	2.78051600e+002
		1217	2.78051600e+002
		1218	2.78051600e+002
		1219	2.78051600e+002
		1220	2.78051600e+002
		1221	2.78051600e+002
		1222	2.78051600e+002
		1223	2.78051600e+002
		1224	2.78051600e+002
		1225	2.78051600e+002
		1226	2.78051600e+002
		1227	2.78051600e+002
		1228	2.78051600e+002
		1229	2.78051600e+002
		1230	2.78051600e+002
		1231	2.78051600e+002
		1232	2.78051600e+002
		1233	2.78051600e+002
		1234	2.78051600e+002
		1235	2.78051600e+002
		1236	2.78051600e+002
		1237	2.78051600e+002
		1238	2.78051600e+002
		1239	2.78051600e+002
		1240	2.78051600e+002
		1241	2.78051600e+002
		1242	2.78051600e+002
		1243	2.78051600e+002
		1244	2.78051600e+002
		1245	2.78051600e+002
		1246	2.78051600e+002
		1247	2.78051600e+002
		1248	2.78051600e+002
		1249	2.78051600e+002
		1250	2.78051600e+002
		1251	2.78051600e+002
		1252	2.78051600e+002
		1253	2.78051600e+002
		1254	2.78051600e+002
		1255	2.78051600e+002
		1256	2.78051600e+002
		1257	2.78051600e+002
		1258	2.78051600e+002
		1259	2.78051600e+002
		1260	2.78051600e+002
		1261	2.78051600e+002
		1262	2.78051600e+002
		1263	2.78051600e+002
		1264	2.78051600e+002
		1265	2.78051600e+002
		1266	2.78051600e+002
		1267	2.78051600e+002
		1268	2.78051600e+002
		1269	2.78051600e+002
		1270	2.78051600e+002
		1271	2.78051600e+002
		1272	2.78051600e+002
		1273	2.78051600e+002
		1274	2.78051600e+002
		1275	2.78051600e+002
		1276	2.78051600e+002
		1277	2.78051600e+002
		1278	2.78051600e+002
		1279	2.78051600e+002
		1280	2.78051600e+002
		1281	2.78051600e+002
		1282	2.78051600e+002
		1283	2.78051600e+002
		1284	2.78051600e+002
		1285	2.78051600e+002
		1286	2.78051600e+002
		1287	2.78051600e+002
		1288	2.78051600e+002
		1289	2.78051600e+002
		1290	2.78051600e+002
		1291	2.78051600e+002
		1292	2.78051600e+002
		1293	2.78051600e+002
		1294	2.78051600e+002
		1295	2.78051600e+002
		1296	2.78051600e+002
		1297	2.78051600e+002
		1298	2.78051600e+002
		1299	2.78051600e+002
		1300	2.78051600e+002
		1301	2.78051600e+002
		1302	2.78051600e+002
		1303	2.78051600e+002
		1304	2.78051600e+002
		1305	2.78051600e+002
		1306	2.78051600e+002
		1307	2.78051600e+002
		1308	2.78051600e+002
		1309	2.78051600e+002
		1310	2.78051600e+002
		1311	2.78051600e+002
		1312	2.78051600e+002
		1313	2.78051600e+002
		1314	2.78051600e+002
		1315	2.78051600e+002
		1316	2.78051600e+002
		1317	2.78051600e+002
		1318	2.78051600e+002
		1319	2.78051600e+002
		1320	2.78051600e+002
		1321	2.78051600e+002
		1322	2.78051600e+002
		1323	2.78051600e+002
		1324	2.78051600e+002
		1325	2.78051600e+002
		1326	2.78051600e+002
		1327	2.78051600e+002
		1328	2.78051600e+002
		1329	2.78051600e+002
		1330	2.78051600e+002
		1331	2.78051600e+002
		1332	2.78051600e+002
		1333	2.78051600e+002
		1334	2.78051600e+002
		1335	2.78051600e+002
		1336	2.78051600e+002
		1337	2.78051600e+002
		1338	2.78051600e+002
		1339	2.78051600e+002
		1340	2.78051600e+002
		1341	2.78051600e+002
		1342	2.78051600e+002
		1343	2.78051600e+002
		1344	2.78051600e+002
		1345	2.78051600e+002
		1346	2.78051600e+002
		1347	2.78051600e+002
		1348	2.78051600e+002
		1349	2.78051600e+002
		1350	2.78051600e+002
		1351	2.78051600e+002
		1352	2.78051600e+002
		1353	2.78051600e+002
		1354	2.78051600e+002
		1355	2.78051600e+002
		1356	2.78051600e+002
		1357	2.78051600e+002
		1358	2.78051600e+002
		1359	2.78051600e+002
		1360	2.78051600e+002
		1361	2.78051600e+002
		1362	2.78051600e+002
		1363	2.78051600e+002
		1364	2.78051600e+002
		1365	2.78051600e+002
		1366	2.78051600e+002
		1367	2.78051600e+002
		1368	2.78051600e+002
		1369	2.78051600e+002
		1370	2.78051600e+002
		1371	2.78051600e+002
		1372	2.78051600e+002
		1373	2.78051600e+002
		1374	2.78051600e+002
		1375	2.78051600e+002
		1376	2.78051600e+002
		1377	2.78051600e+002
		1378	2.78051600e+002
		1379	2.78051600e+002
		1380	2.78051600e+002
		1381	2.78051600e+002
		1382	2.78051600e+002
		1383	2.78051600e+002
		1384	2.78051600e+002
		1385	2.78051600e+002
		1386	2.78051600e+002
		1387	2.78051600e+002
		1388	2.78051600e+002
		1389	2.78051600e+002
		1390	2.78051600e+002
		1391	2.78051600e+002
		1392	2.78051600e+002
		1393	2.78051600e+002
		1394	2.78051600e+002
		1395	2.78051600e+002
		1396	2.78051600e+002
		1397	2.78051600e+002
		1398	2.78051600e+002
		1399	2.78051600e+002
		1400	2.78051600e+002
		1401	2.78051600e+002
		1402	2.78051600e+002
		1403	2.78051600e+002
		1404	2.78051600e+002
		1405	2.78051600e+002
		1406	2.78051600e+002
		1407	2.78051600e+002
		1408	2.78051600e+002
		1409	2.78051600e+002
		1410	2.78051600e+002
		1411	2.78051600e+002
		1412	2.78051600e+002
		1413	2.78051600e+002
		1414	2.78051600e+002
		1415	2.78051600e+002
		1416	2.78051600e+002
		1417	2.78051600e+002
		1418	2.78051600e+002
		1419	2.78051600e+002
		1420	2.78051600e+002
		1421	2.78051600e+002
		1422	2.78051600e+002
		1423	2.78051600e+002
		1424	2.78051600e+002
		1425	2.78051600e+002
		1426	2.78051600e+002
		1427	2.78051600e+002
		1428	2.78051600e+002
		1429	2.78051600e+002
		1430	2.78051600e+002
		1431	2.78051600e+002
		1432	2.78051600e+002
		1433	2.78051600e+002
		1434	2.78051600e+002
		1435	2.78051600e+002
		1436	2.78051600e+002
		1437	2.78051600e+002
		1438	2.78051600e+002
		1439	2.78051600e+002
		1440	2.78051600e+002
		1441	2.78051600e+002
		1442	2.78051600e+002
		1443	2.78051600e+002
		1444	2.78051600e+002
		1445	2.78051600e+002
		1446	2.78051600e+002
		1447	2.78051600e+002
		1448	2.78051600e+002
		1449	2.78051600e+002
		1450	2.78051600e+002
		1451	2.78051600e+002
		1452	2.78051600e+002
		1453	2.78051600e+002
		1454	2.78051600e+002
		1455	2.78051600e+002
		1456	2.78051600e+002
		1457	2.78051600e+002
		1458	2.78051600e+002
		1459	2.78051600e+002
		1460	2.78051600e+002
		1461	2.78051600e+002
		1462	2.78051600e+002
		1463	2.78051600e+002
		1464	2.78051600e+002
		1465	2.78051600e+002
		1466	2.78051600e+002
		1467	2.78051600e+002
		1468	2.78051600e+002
		1469	2.78051600e+002
		1470	2.78051600e+002
		1471	2.78051600e+002
		1472	2.78051600e+002
		1473	2.78051600e+002
		1474	2.78051600e+002
		1475	2.78051600e+002
		1476	2.78051600e+002
		1477	2.78051600e+002
		1478	2.78051600e+002
		1479	2.78051600e+002
		1480	2.78051600e+002
		1481	2.78051600e+002
		1482	2.78051600e+002
		1483	2.78051600e+002
		1484	2.78051600e+002
		1485	2.78051600e+002
		1486	2.78051600e+002
		1487	2.78051600e+002
		1488	2.78051600e+002
		1489	2.78051600e+002
		1490	2.78051600e+002
		1491	2.78051600e+002
		1492	2.78051600e+002
		1493	2.78051600e+002
		1494	2.78051600e+002
		1495	2.78051600e+002
		1496	2.78051600e+002
		1497	2.78051600e+002
		1498	2.78051600e+002
		1499	2.78051600e+002
		1500	2.78051600e+002
		1501	2.78051600e+002
		1502	2.78051600e+002
		1503	2.78051600e+002
		1504	2.78051600e+002
		1505	2.78051600e+002
		1506	2.78051600e+002
		1507	2.78051600e+002
		1508	2.78051600e+002
		1509	2.78051600e+002
		1510	2.78051600e+002
		1511	2.78051600e+002
		1512	2.78051600e+002
		1513	2.78051600e+002
		1514	2.78051600e+002
		1515	2.78051600e+002
		1516	2.78051600e+002
		1517	2.78051600e+002
		1518	2.78051600e+002
		1519	2.78051600e+002
		1520	2.78051600e+002
		1521	2.78051600e+002
		1522	2.78051600e+002
		1523	2.78051600e+002
		1524	2.78051600e+002
		1525	2.78051600e+002
		1526	2.78051600e+002
		1527	2.78051600e+002
		1528	2.78051600e+002
		1529	2.78051600e+002
		1530	2.78051600e+002
		1531	2.78051600e+002
		1532	2.78051600e+002
		1533	2.78051600e+002
		1534	2.78051600e+002
		1535	2.78051600e+002
		1536	2.78051600e+002
		1537	2.78051600e+002
		1538	2.78051600e+002
		1539	2.78051600e+002
		1540	2.78051600e+002
		1541	2.78051600e+002
		1542	2.78051600e+002
		1543	2.78051600e+002
		1544	2.78051600e+002
		1545	2.78051600e+002
		1546	2.78051600e+002
		1547	2.78051600e+002
		1548	2.78051600e+002
		1549	2.78051600e+002
		1550	2.78051600e+002
		1551	2.78051600e+002
		1552	2.78051600e+002
		1553	2.78051600e+002
		1554	2.78051600e+002
		1555	2.78051600e+002
		1556	2.78051600e+002
		1557	2.78051600e+002
		1558	2.78051600e+002
		1559	2.78051600e+002
		1560	2.78051600e+002
		1561	2.78051600e+002
		1562	2.78051600e+002
		1563	2.78051600e+002
		1564	2.78051600e+002
		1565	2.78051600e+002
		1566	2.78051600e+002
		1567	2.78051600e+002
		1568	2.78051600e+002
		1569	2.78051600e+002
		1570	2.78051600e+002
		1571	2.78051600e+002
		1572	2.78051600e+002
		1573	2.78051600e+002
		1574	2.78051600e+002
		1575	2.78051600e+002
		1576	2.78051600e+002
		1577	2.78051600e+002
		1578	2.78051600e+002
		1579	2.78051600e+002
		1580	2.78051600e+002
		1581	2.78051600e+002
		1582	2.78051600e+002
		1583	2.78051600e+002
		1584	2.78051600e+002
		1585	2.78051600e+002
		1586	2.78051600e+002
		1587	2.78051600e+002
		1588	2.78051600e+002
		1589	2.78051600e+002
		1590	2.78051600e+002
		1591	2.78051600e+002
		1592	2.78051600e+002
		1593	2.78051600e+002
		1594	2.78051600e+002
		1595	2.78051600e+002
		1596	2.78051600e+002
		1597	2.78051600e+002
		1598	2.78051600e+002
		1599	2.78051600e+002
		1600	2.78051600e+002
		1601	2.78051600e+002
		1602	2.78051600e+002
		1603	2.78051600e+002
		1604	2.78051600e+002
		1605	2.78051600e+002
		1606	2.78051600e+002
		1607	2.78051600e+002
		1608	2.78051600e+002
		1609	2.78051600e+002
		1610	2.78051600e+002
		1611	2.78051600e+002
		1612	2.78051600e+002
		1613	2.78051600e+002
		1614	2.78051600e+002
		1615	2.78051600e+002
		1616	2.78051600e+002
		1617	2.78051600e+002
		1618	2.78051600e+002
		1619	2.78051600e+002
		1620	2.78051600e+002
		1621	2.78051600e+002
		1622	2.78051600e+002
		1623	2.78051600e+002
		1624	2.78051600e+002
		1625	2.78051600e+002
		1626	2.78051600e+002
		1627	2.78051600e+002
		1628	2.78051600e+002
		1629	2.78051600e+002
		1630	2.78051600e+002
		1631	2.78051600e+002
		1632	2.78051600e+002
		1633	2.78051600e+002
		1634	2.78051600e+002
		1635	2.78051600e+002
		1636	2.78051600e+002
		1637	2.78051600e+002
		1638	2.78051600e+002
		1639	2.78051600e+002
		1640	2.78051600e+002
		1641	2.78051600e+002
		1642	2.78051600e+002
		1643	2.78051600e+002
		1644	2.78051600e+002
		1645	2.78051600e+002
		1646	2.78051600e+002
		1647	2.78051600e+002
		1648	2.78051600e+002
		1649	2.78051600e+002
		1650	2.78051600e+002
		1651	2.78051600e+002
		1652	2.78051600e+002
		1653	2.78051600e+002
		1654	2.78051600e+002
		1655	2.78051600e+002
		1656	2.78051600e+002
		1657	2.78051600e+002
		1658	2.78051600e+002
		1659	2.78051600e+002
		1660	2.78051600e+002
		1661	2.78051600e+002
		1662	2.78051600e+002
		1663	2.78051600e+002
		1664	2.78051600e+002
		1665	2.78051600e+002
		1666	2.78051600e+002
		1667	2.78051600e+002
		1668	2.78051600e+002
		1669	2.78051600e+002
		1670	2.78051600e+002
		1671	2.78051600e+002
		1672	2.78051600e+002
		1673	2.78051600e+002
		1674	2.78051600e+002
		1675	2.78051600e+002
		1676	2.78051600e+002
		1677	2.78051600e+002
		1678	2.78051600e+002
		1679	2.78051600e+002
		1680	2.78051600e+002
		1681	2.78051600e+002
		1682	2.78051600e+002
		1683	2.78051600e+002
		1684	2.78051600e+002
		1685	2.78051600e+002
		1686	2.78051600e+002
		1687	2.78051600e+002
		1688	2.78051600e+002
		1689	2.78051600e+002
		1690	2.78051600e+002
		1691	2.78051600e+002
		1692	2.78051600e+002
		1693	2.78051600e+002
		1694	2.78051600e+002
		1695	2.78051600e+002
		1696	2.78051600e+002
		1697	2.78051600e+002
		1698	2.78051600e+002
		1699	2.78051600e+002
		1700	2.78051600e+002
		1701	2.78051600e+002
		1702	2.78051600e+002
		1703	2.78051600e+002
		1704	2.78051600e+002
		1705	2.78051600e+002
		1706	2.78051600e+002
		1707	2.78051600e+002
		1708	2.78051600e+002
		1709	2.78051600e+002
		1710	2.78051600e+002
		1711	2.78051600e+002
		1712	2.78051600e+002
		1713	2.78051600e+002
		1714	2.78051600e+002
		1715	2.78051600e+002
		1716	2.78051600e+002
		1717	2.78051600e+002
		1718	2.78051600e+002
		1719	2.78051600e+002
		1720	2.78051600e+002
		1721	2.78051600e+002
		1722	2.78051600e+002
		1723	2.78051600e+002
		1724	2.78051600e+002
		1725	2.78051600e+002
		1726	2.78051600e+002
		1727	2.78051600e+002
		1728	2.78051600e+002
		1729	2.78051600e+002
		1730	2.78051600e+002
		1731	2.78051600e+002
		1732	2.78051600e+002
		1733	2.78051600e+002
		1734	2.78051600e+002
		1735	2.78051600e+002
		1736	2.78051600e+002
		1737	2.78051600e+002
		1738	2.78051600e+002
		1739	2.78051600e+002
		1740	2.78051600e+002
		1741	2.78051600e+002
		1742	2.78051600e+002
		1743	2.78051600e+002
		1744	2.78051600e+002
		1745	2.78051600e+002
		1746	2.78051600e+002
		1747	2.78051600e+002
		1748	2.78051600e+002
		1749	2.78051600e+002
		1750	2.78051600e+002
		1751	2.78051600e+002
		1752	2.78051600e+002
		1753	2.78051600e+002
		1754	2.78051600e+002
		1755	2.78051600e+002
		1756	2.78051600e+002
		1757	2.78051600e+002
		1758	2.78051600e+002
		1759	2.78051600e+002
		1760	2.78051600e+002
		1761	2.78051600e+002
		1762	2.78051600e+002
		1763	2.78051600e+002
		1764	2.78051600e+002
		1765	2.78051600e+002
		1766	2.78051600e+002
		1767	2.78051600e+002
		1768	2.78051600e+002
		1769	2.78051600e+002
		1770	2.78051600e+002
		1771	2.78051600e+002
		1772	2.78051600e+002
		1773	2.78051600e+002
		1774	2.78051600e+002
		1775	2.78051600e+002
		1776	2.78051600e+002
		1777	2.78051600e+002
		1778	2.78051600e+002
		1779	2.78051600e+002
		1780	2.78051600e+002
		1781	2.78051600e+002
		1782	2.78051600e+002
		1783	2.78051600e+002
		1784	2.78051600e+002
		1785	2.78051600e+002
		1786	2.78051600e+002
		1787	2.78051600e+002
		1788	2.78051600e+002
		1789	2.78051600e+002
		1790	2.78051600e+002
		1791	2.78051600e+002
		1792	2.78051600e+002
		1793	2.78051600e+002
		1794	2.78051600e+002
		1795	2.78051600e+002
		1796	2.78051600e+002
		1797	2.78051600e+002
		1798	2.78051600e+002
		1799	2.78051600e+002
		1800	2.78051600e+002
		1801	2.78051600e+002
		1802	2.78051600e+002
		1803	2.78051600e+002
		1804	2.78051600e+002
		1805	2.78051600e+002
		1806	2.78051600e+002
		1807	2.78051600e+002
		1808	2.78051600e+002
		1809	2.78051600e+002
		1810	2.78051600e+002
		1811	2.78051600e+002
		1812	2.78051600e+002
		1813	2.78051600e+002
		1814	2.78051600e+002
		1815	2.78051600e+002
		1816	2.78051600e+002
		1817	2.78051600e+002
		1818	2.78051600e+002
		1819	2.78051600e+002
		1820	2.78051600e+002
		1821	2.78051600e+002
		1822	2.78051600e+002
		1823	2.78051600e+002
		1824	2.78051600e+002
		1825	2.78051600e+002
		1826	2.78051600e+002
		1827	2.78051600e+002
		1828	2.78051600e+002
		1829	2.78051600e+002
		1830	2.78051600e+002
		1831	2.78051600e+002
		1832	2.78051600e+002
		1833	2.78051600e+002
		1834	2.78051600e+002
		1835	2.78051600e+002
		1836	2.78051600e+002
		1837	2.78051600e+002
		1838	2.78051600e+002
		1839	2.78051600e+002
		1840	2.78051600e+002
		1841	2.78051600e+002
		1842	2.78051600e+002
		1843	2.78051600e+002
		1844	2.78051600e+002
		1845	2.78051600e+002
		1846	2.78051600e+002
		1847	2.78051600e+002
		1848	2.78051600e+002
		1849	2.78051600e+002
		1850	2.78051600e+002
		1851	2.78051600e+002
		1852	2.78051600e+002
		1853	2.78051600e+002
		1854	2.78051600e+002
		1855	2.78051600e+002
		1856	2.78051600e+002
		1857	2.78051600e+002
		1858	2.78051600e+002
		1859	2.78051600e+002
		1860	2.78051600e+002
		1861	2.78051600e+002
		1862	2.78051600e+002
		1863	2.78051600e+002
		1864	2.78051600e+002
		1865	2.78051600e+002
		1866	2.78051600e+002
		1867	2.78051600e+002
		1868	2.78051600e+002
		1869	2.78051600e+002
		1870	2.78051600e+002
		1871	2.78051600e+002
		1872	2.78051600e+002
		1873	2.78051600e+002
		1874	2.78051600e+002
		1875	2.78051600e+002
		1876	2.78051600e+002
		1877	2.78051600e+002
		1878	2.78051600e+002
		1879	2.78051600e+002
		1880	2.78051600e+002
		1881	2.78051600e+002
		1882	2.78051600e+002
		1883	2.78051600e+002
		1884	2.78051600e+002
		1885	2.78051600e+002
		1886	2.78051600e+002
		1887	2.78051600e+002
		1888	2.78051600e+002
		1889	2.78051600e+002
		1890	2.78051600e+002
		1891	2.78051600e+002
		1892	2.78051600e+002
		1893	2.78051600e+002
		1894	2.78051600e+002
		1895	2.78051600e+002
		1896	2.78051600e+002
		1897	2.78051600e+002
		1898	2.78051600e+002
		1899	2.78051600e+002
		1900	2.78051600e+002
		1901	2.78051600e+002
		1902	2.78051600e+002
		1903	2.78051600e+002
		1904	2.78051600e+002
		1905	2.78051600e+002
		1906	2.78051600e+002
		1907	2.78051600e+002
		1908	2.78051600e+002
		1909	2.78051600e+002
		1910	2.78051600e+002
		1911	2.78051600e+002
		1912	2.78051600e+002
		1913	2.78051600e+002
		1914	2.78051600e+002
		1915	2.78051600e+002
		1916	2.78051600e+002
		1917	2.78051600e+002
		1918	2.78051600e+002
		1919	2.78051600e+002
		1920	2.78051600e+002
		1921	2.78051600e+002
		1922	2.78051600e+002
		1923	2.78051600e+002
		1924	2.78051600e+002
		1925	2.78051600e+002
		1926	2.78051600e+002
		1927	2.78051600e+002
		1928	2.78051600e+002
		1929	2.78051600e+002
		1930	2.78051600e+002
		1931	2.78051600e+002
		1932	2.78051600e+002
		1933	2.78051600e+002
		1934	2.78051600e+002
		1935	2.78051600e+002
		1936	2.78051600e+002
		1937	2.78051600e+002
		1938	2.78051600e+002
		1939	2.78051600e+002
		1940	2.78051600e+002
		1941	2.78051600e+002
		1942	2.78051600e+002
		1943	2.78051600e+002
		1944	2.78051600e+002
		1945	2.78051600e+002
		1946	2.78051600e+002
		1947	2.78051600e+002
		1948	2.78051600e+002
		1949	2.78051600e+002
		1950	2.78051600e+002
		1951	2.78051600e+002
		1952	2.78051600e+002
		1953	2.78051600e+002
		1954	2.78051600e+002
		1955	2.78051600e+002
		1956	2.78051600e+002
		1957	2.78051600e+002
		1958	2.78051600e+002
		1959	2.78051600e+002
		1960	2.78051600e+002
		1961	2.78051600e+002
		1962	2.78051600e+002
		1963	2.78051600e+002
		1964	2.78051600e+002
		1965	2.78051600e+002
		1966	2.78051600e+002
		1967	2.78051600e+002
		1968	2.78051600e+002
		1969	2.78051600e+002
		1970	2.78051600e+002
		1971	2.78051600e+002
		1972	2.78051600e+002
		1973	2.78051600e+002
		1974	2.78051600e+002
		1975	2.78051600e+002
		1976	2.78051600e+002
		1977	2.78051600e+002
		1978	2.78051600e+002
		1979	2.78051600e+002
		1980	2.78051600e+002
		1981	2.78051600e+002
		1982	2.78051600e+002
		1983	2.78051600e+002
		1984	2.78051600e+002
		1985	2.78051600e+002
		1986	2.78051600e+002
		1987	2.78051600e+002
		1988	2.78051600e+002
		1989	2.78051600e+002
		1990	2.78051600e+002
		1991	2.78051600e+002
		1992	2.78051600e+002
		1993	2.78051600e+002
		1994	2.78051600e+002
		1995	2.78051600e+002
		1996	2.78051600e+002
		1997	2.78051600e+002
		1998	2.78051600e+002
		1999	2.78051600e+002
		2000	2.78051600e+002
		2001	2.78051600e+002
		2002	2.78051600e+002
		2003	2.78051600e+002
		2004	2.78051600e+002
		2005	2.78051600e+002
		2006	2.78051600e+002
		2007	2.78051600e+002
		2008	2.78051600e+002
		2009	2.78051600e+002
		2010	2.78051600e+002
		2011	2.78051600e+002
		2012	2.78051600e+002
		2013	2.78051600e+002
		2014	2.78051600e+002
		2015	1.11220600e+003
		2016	1.11220600e+003
		2017	1.11220600e+003
		2018	1.11220600e+003
		2019	1.11220600e+003
		2020	1.11220600e+003
		2021	1.11220600e+003
		2022	1.11220600e+003
		2023	1.11220600e+003
		2024	1.11220600e+003
		2025	1.11220600e+003
		2026	1.11220600e+003
		2027	1.11220600e+003
		2028	1.11220600e+003
		2029	1.11220600e+003
		2030	1.11220600e+003
		2031	1.11220600e+003
		2032	1.11220600e+003
		2033	1.11220600e+003
		2034	1.11220600e+003
		2035	1.11220600e+003
		2036	1.11220600e+003
		2037	1.11220600e+003
		2038	1.11220600e+003
		2039	1.11220600e+003
		2040	1.11220600e+003
		2041	1.11220600e+003
		2042	1.11220600e+003
		2043	1.11220600e+003
		2044	1.11220600e+003
		2045	1.11220600e+003
		2046	1.11220600e+003
		2047	1.11220600e+003
		2048	1.11220600e+003
		2049	1.11220600e+003
		2050	1.11220600e+003
		2051	1.11220600e+003
		2052	1.11220600e+003
		2053	1.11220600e+003
		2054	1.11220600e+003
		2055	1.11220600e+003
		2056	1.11220600e+003
		2057	1.11220600e+003
		2058	1.11220600e+003
		2059	1.11220600e+003
		2060	1.11220600e+003
		2061	1.11220600e+003
		2062	1.11220600e+003
		2063	1.11220600e+003
		2064	1.11220600e+003
		2065	1.11220600e+003
		2066	1.11220600e+003
		2067	1.11220600e+003
		2068	1.11220600e+003
		2069	1.11220600e+003
		2070	1.11220600e+003
		2071	1.11220600e+003
		2072	1.11220600e+003
		2073	1.11220600e+003
		2074	1.11220600e+003
		2075	1.11220600e+003
		2076	1.11220600e+003
		2077	1.11220600e+003
		2078	1.11220600e+003
		2079	1.11220600e+003
		2080	1.11220600e+003
		2081	1.11220600e+003
		2082	1.11220600e+003
		2083	1.11220600e+003
		2084	1.11220600e+003
		2085	1.11220600e+003
		2086	1.11220600e+003
		2087	1.11220600e+003
		2088	1.11220600e+003
		2089	1.11220600e+003
		2090	1.11220600e+003
		2091	1.11220600e+003
		2092	1.11220600e+003
		2093	1.11220600e+003
		2094	1.11220600e+003
		2095	1.11220600e+003
		2096	1.11220600e+003
		2097	1.11220600e+003
		2098	1.11220600e+003
		2099	1.11220600e+003
		2100	1.11220600e+003
		2101	1.11220600e+003
		2102	1.11220600e+003
		2103	1.11220600e+003
		2104	1.11220600e+003
		2105	1.11220600e+003
		2106	1.11220600e+003
		2107	1.11220600e+003
		2108	1.11220600e+003
		2109	1.11220600e+003
		2110	1.11220600e+003
		2111	1.11220600e+003
		2112	1.11220600e+003
		2113	1.11220600e+003
		2114	1.11220600e+003
		2115	1.11220600e+003
		2116	1.11220600e+003
		2117	1.11220600e+003
		2118	1.11220600e+003
		2119	1.11220600e+003
		2120	1.11220600e+003
		2121	1.11220600e+003
		2122	1.11220600e+003
		2123	1.11220600e+003
		2124	1.11220600e+003
		2125	1.11220600e+003
		2126	1.11220600e+003
		2127	1.11220600e+003
		2128	1.11220600e+003
		2129	1.11220600e+003
		2130	1.11220600e+003
		2131	1.11220600e+003
		2132	1.11220600e+003
		2133	1.11220600e+003
		2134	1.11220600e+003
		2135	1.11220600e+003
		2136	1.11220600e+003
		2137	1.11220600e+003
		2138	1.11220600e+003
		2139	1.11220600e+003
		2140	1.11220600e+003
		2141	1.11220600e+003
		2142	1.11220600e+003
		2143	1.11220600e+003
		2144	1.11220600e+003
		2145	1.11220600e+003
		2146	1.11220600e+003
		2147	1.11220600e+003
		2148	1.11220600e+003
		2149	1.11220600e+003
		2150	1.11220600e+003
		2151	1.11220600e+003
		2152	1.11220600e+003
		2153	1.11220600e+003
		2154	1.11220600e+003
		2155	1.11220600e+003
		2156	1.11220600e+003
		2157	1.11220600e+003
		2158	1.11220600e+003
		2159	1.11220600e+003
		2160	1.11220600e+003
		2161	1.11220600e+003
		2162	1.11220600e+003
		2163	1.11220600e+003
		2164	1.11220600e+003
		2165	1.11220600e+003
		2166	1.11220600e+003
		2167	1.11220600e+003
		2168	1.11220600e+003
		2169	1.11220600e+003
		2170	1.11220600e+003
		2171	1.11220600e+003
		2172	1.11220600e+003
		2173	1.11220600e+003
		2174	1.11220600e+003
		2175	1.11220600e+003
		2176	1.11220600e+003
		2177	1.11220600e+003
		2178	1.11220600e+003
		2179	1.11220600e+003
		2180	1.11220600e+003
		2181	1.11220600e+003
		2182	1.11220600e+003
		2183	1.11220600e+003
		2184	1.11220600e+003
		2185	1.11220600e+003
		2186	1.11220600e+003
		2187	1.11220600e+003
		2188	1.11220600e+003
		2189	1.11220600e+003
		2190	1.11220600e+003
		2191	1.11220600e+003
		2192	1.11220600e+003
		2193	1.11220600e+003
		2194	1.11220600e+003
		2195	1.11220600e+003
		2196	1.11220600e+003
		2197	1.11220600e+003
		2198	1.11220600e+003
		2199	1.11220600e+003
		2200	1.11220600e+003
		2201	1.11220600e+003
		2202	1.11220600e+003
		2203	1.11220600e+003
		2204	1.11220600e+003
		2205	1.11220600e+003
		2206	1.11220600e+003
		2207	1.11220600e+003
		2208	1.11220600e+003
		2209	1.11220600e+003
		2210	1.11220600e+003
		2211	1.11220600e+003
		2212	1.11220600e+003
		2213	1.11220600e+003
		2214	1.11220600e+003
		2215	1.11220600e+003
		2216	1.11220600e+003
		2217	1.11220600e+003
		2218	1.11220600e+003
		2219	1.11220600e+003
		2220	1.11220600e+003
		2221	1.11220600e+003
		2222	1.11220600e+003
		2223	1.11220600e+003
		2224	1.11220600e+003
		2225	1.11220600e+003
		2226	1.11220600e+003
		2227	1.11220600e+003
		2228	1.11220600e+003
		2229	1.11220600e+003
		2230	1.11220600e+003
		2231	1.11220600e+003
		2232	1.11220600e+003
		2233	1.11220600e+003
		2234	1.11220600e+003
		2235	1.11220600e+003
		2236	1.11220600e+003
		2237	1.11220600e+003
		2238	1.11220600e+003
		2239	1.11220600e+003
		2240	1.11220600e+003
		2241	1.11220600e+003
		2242	1.11220600e+003
		2243	1.11220600e+003
		2244	1.11220600e+003
		2245	1.11220600e+003
		2246	1.11220600e+003
		2247	1.11220600e+003
		2248	1.11220600e+003
		2249	1.11220600e+003
		2250	1.11220600e+003
		2251	1.11220600e+003
		2252	1.11220600e+003
		2253	1.11220600e+003
		2254	1.11220600e+003
		2255	1.11220600e+003
		2256	1.11220600e+003
		2257	1.11220600e+003
		2258	1.11220600e+003
		2259	1.11220600e+003
		2260	1.11220600e+003
		2261	1.11220600e+003
		2262	1.11220600e+003
		2263	1.11220600e+003
		2264	1.11220600e+003
		2265	1.11220600e+003
		2266	1.11220600e+003
		2267	1.11220600e+003
		2268	1.11220600e+003
		2269	1.11220600e+003
		2270	1.11220600e+003
		2271	1.11220600e+003
		2272	1.11220600e+003
		2273	1.11220600e+003
		2274	1.11220600e+003
		2275	1.11220600e+003
		2276	1.11220600e+003
		2277	1.11220600e+003
		2278	1.11220600e+003
		2279	1.11220600e+003
		2280	1.11220600e+003
		2281	1.11220600e+003
		2282	1.11220600e+003
		2283	1.11220600e+003
		2284	1.11220600e+003
		2285	1.11220600e+003
		2286	1.11220600e+003
		2287	1.11220600e+003
		2288	1.11220600e+003
		2289	1.11220600e+003
		2290	1.11220600e+003
		2291	1.11220600e+003
		2292	1.11220600e+003
		2293	1.11220600e+003
		2294	1.11220600e+003
		2295	1.11220600e+003
		2296	1.11220600e+003
		2297	1.11220600e+003
		2298	1.11220600e+003
		2299	1.11220600e+003
		2300	1.11220600e+003


